!# Results of ROTMAS saved at 13-Oct-2007 (11:46:33)
!# User velocity         : Vu=SQRT(4*{PI}*4.321*RHO*RC*RC*(1-(RC/R)*ATAN(R/RC)))
!# Total velocity        : Vt=SQRT(MG*VG*ABS(VG)+MD*VD*ABS(VD)+VU**2)
!# Chi-square            : 158.738
!# Red. Chi-square (N=288,n=3) : 0.556977
!# Parameter name  :           RC         RHO          MD          MG
!# Parameter value :     3.761450    28.590401     1.579930     1.000000 
!# Parameter error :     0.153597     1.909486     0.037342     0.000000 
!#
!# Radius |  vgas   |  vdisk  |  vbulge |  vobs   | err vobs|   Vu    |   Vt    |   Rxv   |   Vxy   |
!# kpc       km/s      km/s       km/s     km/s     km/s       km/s      km/s       kpc       km/s   
!#===================================================================================================
  0.06252    -0.878   6.30154         0      1.98     6.926    1.4221   6.40007         0         0   
    0.125    -1.771    14.533         0     15.78     7.691   2.84258   14.7021         0         0   
   0.1876     -2.74   23.7778         0      22.3     4.584   4.26438   24.0012         0         0   
   0.2501    -3.448   31.9077         0     32.16     4.542   5.68179   32.2257         0         0   
   0.3126    -3.847   38.6392         0     39.67     4.433    7.0964   39.0967         0         0   
   0.3751    -3.736   44.8692         0     46.24     4.892   8.50753   45.5155         0         0   
   0.4377    -3.329    50.262         0     53.31     5.425   9.91674   51.1227         0         0   
   0.5002    -3.488   54.6929         0     59.93     5.252   11.3189   55.7428         0         0   
   0.5627    -3.553   58.1348         0     63.97     4.703   12.7155    59.403         0         0   
   0.6252    -3.157   60.7821         0     67.31     4.833   14.1061   62.3175         0         0   
   0.6878    -2.552   62.7232         0     71.34     5.217   15.4921   64.5577         0         0   
   0.7503     -1.75   64.6981         0     75.57     5.835   16.8687   66.8381         0         0   
   0.8128    -1.157   66.5329         0     77.88     5.215   18.2373   68.9774         0         0   
   0.8753    0.9515   68.1056         0     78.48     4.769   19.5975   70.8755         0         0   
   0.9379     1.491   69.3618         0     79.11     4.473    20.951   72.4722         0         0   
        1     -1.75   70.4023         0     79.94     4.478   22.2842   73.8242         0         0   
    1.063    -3.049   71.5134         0     78.37     4.277   23.6267   75.2535         0         0   
    1.125    -3.095   72.6368         0     78.17     5.311   24.9376    76.736         0         0   
    1.188    -2.711   73.9174         0     80.29     5.612   26.2587   78.3961         0         0   
     1.25    -1.524   75.5284         0     81.05     4.532   27.5477   80.3809         0         0   
    1.313     2.252   77.3902         0     82.24     4.249   28.8459    82.622         0         0   
    1.376     4.243   79.2101         0     84.09     4.042   30.1318   84.8539         0         0   
    1.438     5.631   80.7634         0     84.33     4.746   31.3852   86.8301         0         0   
    1.501     5.952   81.6029         0     85.52     5.536   32.6461   88.0921         0         0   
    1.563      5.54   82.4166         0     87.43     6.061   33.8743   89.2786         0         0   
    1.626     4.284   82.9589         0      89.9     6.303   35.1091   90.1841         0         0   
    1.688     1.864   83.3347         0     91.76      6.55    36.311   90.9211         0         0   
    1.751    -1.383   83.6903         0     93.15     6.431   37.5188    91.705         0         0   
    1.813     3.054   83.8991         0     93.87     6.196   38.6938   92.4424         0         0   
    1.876     4.459    84.221         0     94.41     5.643   39.8738   93.2897         0         0   
    1.938     4.357   84.7337         0     95.31     5.843   41.0212   94.2418         0         0   
    2.001     4.822   84.9695         0     96.72     5.987    42.173   94.9822         0         0   
    2.063     5.207   85.0318         0     98.01      5.72   43.2924   95.5602         0         0   
    2.126     4.209   85.2089         0     97.78     6.124   44.4156   96.1822         0         0   
    2.188     2.869   85.2103         0     98.34     6.088   45.5068   96.6431         0         0   
    2.251    0.8887   85.6665         0     96.17     5.947   46.6011   97.5254         0         0   
    2.313    -2.144   86.0715         0     96.39     6.168    47.664   98.3644         0         0   
    2.376    -2.411   86.2272         0     98.41     5.719   48.7295   99.0146         0         0   
    2.438    -3.313     86.55         0     98.95      5.65    49.764   99.7817         0         0   
    2.501    -3.768   86.9115         0     97.96     5.947   50.8009   100.599         0         0   
    2.563    -1.335   87.0099         0     98.02     5.535   51.8072   101.257         0         0   
    2.626     3.758   87.3439         0     97.81     5.436   52.8155    102.14         0         0   
    2.689      4.56   87.6572         0     98.59      4.98   53.8095   102.957         0         0   
    2.751     4.388   88.0896         0     99.98      4.97   54.7738   103.823         0         0   
    2.814     2.929   88.8116         0     99.95     5.133   55.7398   104.895         0         0   
    2.876     -3.21   89.6386         0       100     4.688   56.6767   106.005         0         0   
    2.939     -4.77   90.1507         0     100.5     4.215    57.615   106.883         0         0   
    3.001    -5.367    90.728         0     101.5      3.98    58.525   107.833         0         0   
    3.064    -5.373   91.2991         0     102.3     4.451   59.4361   108.809         0         0   
    3.126    -4.263   91.8604         0     103.4     4.389   60.3196   109.812         0         0   
    3.189     2.225   92.3513         0     104.1      4.25   61.2042   110.814         0         0   
    3.251     5.319   92.8475         0     104.8     4.151   62.0617   111.806         0         0   
    3.314      7.78   93.5862         0       106     4.658   62.9202   113.039         0         0   
    3.376     9.963   94.1793         0     107.8     5.368   63.7525   114.164         0         0   
    3.439     12.08   94.8077         0     108.8     5.801   64.5855    115.35         0         0   
    3.501     14.33   95.2621         0       110     5.913   65.3931   116.432         0         0   
    3.564     16.21   95.5099         0     110.8     5.957   66.2013   117.335         0         0   
    3.626      17.4    95.518         0     111.9     6.024   66.9848   117.955         0         0   
    3.689     17.95   95.1345         0     113.2     6.022    67.769   118.175         0         0   
    3.751     18.05   94.7234         0     114.3     5.968   68.5291   118.299         0         0   
    3.814        18   94.2111         0     114.8     5.845   69.2899   118.325         0         0   
    3.877     17.95   93.5492         0     115.8     5.533   70.0391   118.233         0         0   
    3.939     17.97   92.8517         0     116.3      5.87   70.7653   118.119         0         0   
    4.002     18.19   92.0714         0     116.7     5.649   71.4921   117.979         0         0   
    4.064      18.4    91.643         0     117.2     5.172   72.1966   118.107         0         0   
    4.127     18.73   91.1504         0     117.5     5.133   72.9017   118.211         0         0   
    4.189     19.29   90.7387         0     118.3     5.236   73.5851   118.408         0         0   
    4.252     20.02   90.4377         0     119.1     5.377   74.2692   118.725         0         0   
    4.314     20.62   89.9777         0     119.2     5.942   74.9324   118.895         0         0   
    4.377     21.05   89.1924         0     119.5     6.878   75.5961   118.799         0         0   
    4.439     21.34   88.8358         0     120.6     7.367   76.2396   118.994         0         0   
    4.502      21.3   88.2933         0     120.4     7.718   76.8837   118.998         0         0   
    4.564     21.41   87.6668         0     120.5     7.834   77.5081   118.959         0         0   
    4.627     21.91   87.1268         0     121.2     7.553   78.1332   119.063         0         0   
    4.689     22.39    86.414         0     121.4     7.463   78.7392   119.032         0         0   
    4.752     22.25   85.9278         0     121.7     6.861   79.3459   119.056         0         0   
    4.814     21.82   85.5038         0     122.2     6.338   79.9342   119.065         0         0   
    4.877     22.14   85.1564         0     122.7     6.054   80.5232   119.272         0         0   
    4.939     22.95   84.7988         0     123.5      5.87   81.0943   119.557         0         0   
    5.002     23.44   84.2667         0     124.4     5.873   81.6662   119.665         0         0   
    5.064     23.72   83.8211         0     125.1     5.817   82.2208   119.787         0         0   
    5.127     24.13   83.4738         0     125.9     5.933   82.7761   120.008         0         0   
     5.19     24.52   83.0036         0     125.9     6.142   83.3234    120.14         0         0   
    5.252     24.58   82.5852         0     126.1     6.468   83.8541   120.233         0         0   
    5.315     24.42   82.0803         0     125.8     6.591   84.3857   120.227         0         0   
    5.377     24.57   81.6504         0     126.1     6.455   84.9014   120.328         0         0   
     5.44     24.78   81.4933         0     126.3      6.02   85.4179   120.629         0         0   
    5.502     24.64   80.9347         0     125.9     5.658   85.9189    120.58         0         0   
    5.565     24.61   80.4281         0     125.4     5.887   86.4208   120.594         0         0   
    5.627     24.71   80.2612         0       126     5.944   86.9078   120.853         0         0   
     5.69     24.58   79.9602         0       126     5.919   87.3957   120.979         0         0   
    5.752     24.42   79.6171         0     125.5     5.909    87.869   121.063         0         0   
    5.815     24.33   79.6829         0     125.1     5.917   88.3434   121.433         0         0   
    5.877     24.33   79.6288         0     125.4     5.576   88.8037   121.732         0         0   
     5.94     24.55   79.2605         0     125.7     5.371   89.2649   121.874         0         0   
    6.002     24.74   78.9728         0     125.9     5.086   89.7126   122.054         0         0   
    6.065     24.72   78.4937         0     126.9     4.891   90.1612   122.071         0         0   
    6.127     24.84   78.0918         0     127.4     4.766   90.5967    122.16         0         0   
     6.19     25.22    77.807         0       127     4.889   91.0331   122.381         0         0   
    6.252     25.49   77.5349         0     127.5     4.936   91.4569    122.58         0         0   
    6.315     25.55   77.2896         0     128.1     4.844   91.8816   122.755         0         0   
    6.377     25.73    77.016         0     128.6     4.853    92.294    122.93         0         0   
     6.44     25.95   76.7752         0     128.1     4.911   92.7074   123.136         0         0   
    6.503     25.94   76.5096         0     127.3     4.831   93.1153   123.276         0         0   
    6.565     25.83   76.3424         0       127     4.735   93.5114   123.449         0         0   
    6.628     25.74   76.2261         0     126.6     4.931   93.9085    123.66         0         0   
     6.69     25.58   75.9476         0     126.7      4.76   94.2942   123.749         0         0   
    6.753      25.4   75.5362         0     126.8     4.815    94.681   123.755         0         0   
    6.815      25.5   75.4232         0     126.7     4.774   95.0567   123.995         0         0   
    6.878     25.78   75.3818         0     126.8     4.638   95.4335   124.316         0         0   
     6.94     26.17   75.2442         0     126.8     4.775   95.7995   124.596         0         0   
    7.003     26.53   74.9939         0     126.9     4.565   96.1667   124.804         0         0   
    7.065     26.81   74.6828         0     126.5     4.618   96.5234   124.952         0         0   
    7.128      27.1   74.1789         0       126     4.804   96.8812   124.992         0         0   
     7.19     27.48   74.0907         0     126.3     4.816   97.2289   125.292         0         0   
    7.253     27.86   74.0923         0     126.7     4.753   97.5778   125.647         0         0   
    7.315     28.21   73.6961         0     126.2     4.775   97.9168   125.756         0         0   
    7.378     28.52    73.649         0     126.1     4.523   98.2569   126.063         0         0   
     7.44     28.78   73.4827         0     126.4     4.326   98.5875   126.283         0         0   
    7.503     28.93   73.0492         0     126.6     4.346   98.9193   126.326         0         0   
    7.565     29.07   72.7843         0     127.1     4.361   99.2418   126.458         0         0   
    7.628     29.09    72.352         0     127.7     4.569   99.5654   126.469         0         0   
     7.69     29.09   72.0165         0     128.1     4.667     99.88   126.525         0         0   
    7.753     29.45   71.7919         0     127.9     4.857   100.196    126.73         0         0   
    7.816      29.8    71.327         0     128.3     4.623   100.508   126.797         0         0   
    7.878     29.85   70.9716         0     128.1     4.432   100.811    126.85         0         0   
    7.941     30.16   70.7364         0     127.4     4.429   101.116   127.034         0         0   
    8.003     30.45   70.3376         0     127.8     4.099   101.412   127.118         0         0   
    8.066     30.25   70.1733         0     128.3     3.842   101.709   127.217         0         0   
    8.128     30.01   69.9483         0     128.5     4.034   101.998   127.267         0         0   
    8.191     29.91   69.4376         0     128.7     4.137   102.288   127.197         0         0   
    8.253     29.83   69.0729         0     129.1     4.092   102.571   127.207         0         0   
    8.316     30.01   68.7616         0     129.2     4.198   102.854    127.31         0         0   
    8.378     30.46   68.5529         0     129.2     4.378    103.13   127.527         0         0   
    8.441     30.74   68.4779         0     129.3     4.586   103.407   127.778         0         0   
    8.503     30.67   68.1125         0     129.4      4.73   103.677   127.784         0         0   
    8.566      30.6   67.5655         0     129.3     4.858   103.948   127.697         0         0   
    8.628     30.64   67.4119         0     129.2     4.982   104.211    127.84         0         0   
    8.691     30.74   67.1756         0     128.9     5.176   104.476   127.956         0         0   
    8.753     30.99   67.0339         0     128.9     5.194   104.733   128.152         0         0   
    8.816     31.33   66.8993         0     128.3     5.104   104.992   128.376         0         0   
    8.878     31.65   66.4991         0     128.5     4.761   105.244   128.453         0         0   
    8.941     31.84   66.1289         0     128.4     4.699   105.497   128.516         0         0   
    9.003     31.79   66.0169         0     128.5     4.662   105.743   128.648         0         0   
    9.066     31.81   65.8157         0       128     4.809    105.99   128.754         0         0   
    9.129     31.83   65.7056         0     127.8     4.859   106.235   128.904         0         0   
    9.191     31.78   65.5672         0     127.5      4.51   106.473   129.018         0         0   
    9.254     31.77   65.2017         0       128     4.462   106.712   129.028         0         0   
    9.316     31.75   65.0043         0     128.2     4.679   106.945   129.116         0         0   
    9.379     31.81   64.8726         0     127.9     4.566    107.18   129.259         0         0   
    9.441     31.94    64.719         0     127.7     4.504   107.408   129.403         0         0   
    9.504     32.15   64.5498         0     127.8     5.378   107.637   129.561         0         0   
    9.566     32.51   64.2441         0     127.7     4.901    107.86   129.684         0         0   
    9.629     32.88   63.8451         0     127.5     4.363   108.084   129.767         0         0   
    9.691     33.05   63.6516         0     127.6      4.31   108.303   129.897         0         0   
    9.754     33.09   63.4913         0     127.7       4.3   108.523   130.013         0         0   
    9.816     33.09    63.344         0     127.6     4.438   108.737   130.119         0         0   
    9.879     33.48    63.183         0     127.3     4.651   108.952   130.321         0         0   
    9.941     34.02   62.8219         0     127.4     4.704   109.161   130.461         0         0   
       10     34.27   62.5186         0     127.3     4.688   109.359   130.546         0         0   
    10.07     34.41   62.3501         0     127.3     4.423    109.59   130.697         0         0   
    10.13     34.35   62.2125         0     127.2     4.441   109.787    130.78         0         0   
    10.19     34.23    62.077         0     127.4     4.289   109.982   130.848         0         0   
    10.25     34.33   61.8851         0     127.7     4.188   110.174   130.945         0         0   
    10.32     34.69   61.4735         0       128     3.976   110.397   131.034         0         0   
    10.38     35.08   61.2469         0     128.1     3.966   110.586   131.191         0         0   
    10.44     35.34    61.124         0     128.3     3.959   110.772   131.361         0         0   
     10.5     35.34   60.9992         0     128.2     3.995   110.958   131.459         0         0   
    10.57     35.48   60.8525         0     128.6     3.833   111.171   131.609         0         0   
    10.63     35.76   60.5546         0       129      3.64   111.353   131.701         0         0   
    10.69     35.93   60.2343         0     129.8     3.548   111.532   131.752         0         0   
    10.75     36.03    60.069         0     130.1     3.622    111.71   131.855         0         0   
    10.82      36.1   59.9487         0     130.3     3.611   111.916   131.993         0         0   
    10.88      36.3   59.8252         0     130.4     3.543    112.09    132.14         0         0   
    10.94     36.55   59.6806         0     130.4     4.284   112.263    132.29         0         0   
       11     36.66   59.3514         0     130.5     4.247   112.434   132.318         0         0   
    11.07      36.7   59.0582         0     130.8     3.351   112.632   132.366         0         0   
    11.13     36.74   58.9276         0     130.6      3.38     112.8   132.461         0         0   
    11.19     36.89   58.8413         0     130.6     3.313   112.966   132.606         0         0   
    11.25     37.14   58.7265         0     130.9     3.134   113.131   132.766         0         0   
    11.32     37.25   58.4923         0     131.1     3.106   113.321   132.855         0         0   
    11.38     37.34   58.1783         0     130.8      3.13   113.482   132.881         0         0   
    11.44     37.35   57.9747         0     130.7      3.19   113.643   132.931         0         0   
     11.5     37.32   57.8567         0     130.5      3.18   113.801   133.007         0         0   
    11.57     37.31   57.7596         0     130.8     3.166   113.985   133.119         0         0   
    11.63     37.38   57.6416         0     130.9      3.89    114.14   133.221         0         0   
    11.69     37.53   57.3815         0     131.3     3.023   114.294   133.283         0         0   
    11.75     37.66    57.108         0     131.5     2.965   114.447   133.333         0         0   
    11.82     37.71   56.9203         0     131.5     3.053   114.624   133.419         0         0   
    11.88     37.68   56.8178         0     131.7     3.169   114.774   133.496         0         0   
    11.94     37.57   56.7581         0       132      3.13   114.923   133.567         0         0   
       12     37.54   56.6124         0     131.8     3.131    115.07   133.624         0         0   
    12.07     37.45   56.2901         0     132.2     3.164   115.241    133.61         0         0   
    12.13     37.36   56.0627         0     133.1     3.324   115.386   133.614         0         0   
    12.19      37.4   55.9375         0     133.1     3.218   115.529   133.696         0         0   
    12.25     37.48   55.8372         0     133.3     3.178   115.671     133.8         0         0   
    12.32     37.44   55.7653         0     132.9     3.189   115.836   133.901         0         0   
    12.38      37.5   55.5735         0     132.5      3.04   115.976   133.959         0         0   
    12.44     37.64   55.3057         0     132.9     3.948   116.114   134.007         0         0   
     12.5     37.71   55.1129         0     133.3     3.372   116.251   134.067         0         0   
    12.57     37.73   54.9836         0     133.4      3.39    116.41   134.157         0         0   
    12.63     37.71   54.9498         0     133.1     3.353   116.545   134.255         0         0   
    12.69     37.62   54.8343         0     133.2     3.488   116.679   134.298         0         0   
    12.75     37.55   54.6044         0     133.1     3.537   116.812   134.301         0         0   
    12.82      37.4   54.3306         0     133.9     3.615   116.965   134.281         0         0   
    12.88     37.36   54.1876         0     133.3     6.303   117.096   134.326         0         0   
    12.94     37.46   54.0887         0     133.4     3.781   117.225   134.427         0         0   
    13.01     37.46   54.0477         0     133.9     3.714   117.374   134.541         0         0   
    13.07     37.29   53.8994         0     134.2     4.379   117.501   134.545         0         0   
    13.13     37.17    53.649         0     134.9      4.65   117.628   134.522         0         0   
    13.19     37.17   53.4429         0       135     4.179   117.753   134.549         0         0   
    13.26     37.11   53.3065         0     134.1      4.45   117.897   134.605         0         0   
    13.32     37.05   53.2198         0     134.3      4.59    118.02   134.662         0         0   
    13.38     36.95   53.1941         0     134.3     4.576   118.142   134.731         0         0   
    13.44     36.89   53.0185         0     135.4     4.159   118.263   134.751         0         0   
    13.51     36.99   52.7518         0     136.5     4.006   118.403   134.797         0         0   
    13.57      37.1   52.5866         0     136.8     4.374   118.522   134.867         0         0   
    13.63     37.15   52.4848         0     137.4     3.889    118.64   134.945         0         0   
    13.69     37.29   52.3992         0     137.8     4.052   118.757   135.053         0         0   
    13.76     37.51    52.347         0     138.5     4.291   118.892   135.213         0         0   
    13.82     37.59    52.127         0     139.4     4.718   119.007   135.252         0         0   
    13.88      37.5   51.9297         0     139.1     4.675   119.122   135.251         0         0   
    13.94     37.51   51.7917         0     139.9     5.065   119.235   135.301         0         0   
    14.01     37.61   51.6851         0     141.2     4.729   119.366   135.404         0         0   
    14.07      37.5   51.6849         0     142.4     4.556   119.478   135.471         0         0   
    14.13     37.29   51.5498         0     142.9       4.8   119.588    135.46         0         0   
    14.19     37.26   51.3294         0     143.9     4.446   119.698   135.465         0         0   
    14.26      37.3     51.12         0     141.4     4.846   119.825   135.509         0         0   
    14.32     37.27   51.0149         0     142.1     4.415   119.933   135.557         0         0   
    14.38     37.16   50.9337         0     141.6      4.61   120.041   135.591         0         0   
    14.44     37.11   50.9347         0     141.1     6.545   120.147   135.672         0         0   
    14.51     37.15   50.7365         0     139.8     4.895    120.27   135.717         0         0   
    14.57      37.2   50.5399         0     140.8     4.557   120.375   135.751         0         0   
    14.63     37.18   50.3846         0     140.3      4.94   120.479    135.78         0         0   
    14.69     37.16    50.289         0     139.7     4.891   120.582    135.83         0         0   
    14.76     37.13   50.2023         0     140.2     4.893   120.702   135.896         0         0   
    14.82     36.98   50.1846         0     139.7     4.545   120.803   135.939         0         0   
    14.88     36.88    49.989         0     139.5     4.288   120.904    135.93         0         0   
    14.94     36.88   49.8144         0     138.5     4.278   121.004   135.955         0         0   
    15.01     37.01   49.6666         0     137.3     4.754    121.12   136.039         0         0   
    15.07      37.2   49.5829         0     138.3     4.406   121.219   136.148         0         0   
    15.13     37.35   49.5105         0       141     3.761   121.317    136.25         0         0   
    15.19     37.39   49.4796         0     141.6     3.656   121.414   136.336         0         0   
    15.26     37.35   49.2563         0     140.7     3.531   121.526   136.345         0         0   
    15.32     37.32   49.0947         0     139.5     3.432   121.622   136.364         0         0   
    15.38      37.3   48.9955         0     140.6     3.371   121.717   136.407         0         0   
    15.44     37.26   48.9186         0     139.5     3.475   121.812   136.453         0         0   
    15.51     37.24   48.9207         0     138.7     3.367   121.921   136.546         0         0   
    15.57     37.18   48.7595         0     139.5     3.159   122.014   136.555         0         0   
    15.63     37.06    48.585         0     141.1      3.13   122.106   136.543         0         0   
    15.69     36.92   48.4386         0       140     3.084   122.198   136.535         0         0   
    15.76     36.73   48.3382         0     140.1     3.011   122.304   136.543         0         0   
    15.82     36.58   48.2708         0     140.9     2.845   122.394    136.56         0         0   
    15.88     36.45   48.2721         0     140.9     2.843   122.484   136.606         0         0   
    15.94     36.39   48.0972         0     140.5     3.088   122.573   136.608         0         0   
    16.01     36.26    47.916         0     139.6     2.813   122.676   136.602         0         0   
    16.07     36.16   47.8009         0     138.2     3.083   122.764   136.614         0         0   
    16.13     36.14   47.7227         0     136.5     4.838   122.851    136.66         0         0   
    16.19     36.24   47.6596         0     135.9     4.495   122.938   136.742         0         0   
    16.26     36.27   47.6184         0     135.3     4.074   123.038   136.826         0         0   
    16.32     36.23   47.4463         0     136.1     5.706   123.123   136.833         0         0   
    16.38     36.15      47.3         0     136.3     4.518   123.208   136.837         0         0   
    16.44     36.02   47.2041         0     135.7     4.072   123.292   136.846         0         0   
    16.51     35.79   47.1229         0     135.5     3.552    123.39   136.845         0         0   
    16.57      35.6   47.0613         0     135.5     3.318   123.473   136.849         0         0   
    16.63     35.44   47.0049         0     135.1      3.64   123.555   136.863         0         0   
    16.69     35.34   46.8485         0     134.9     2.521   123.637   136.857         0         0   
    16.76      35.2   46.6958         0     134.3      2.02   123.732   136.855         0         0   
    16.82     35.05   46.6199         0     134.4     1.982   123.813   136.863         0         0   
    16.88     34.93   46.5558         0     135.4     1.907   123.893   136.884         0         0   
    16.94     34.87   46.5726         0     134.5     1.987   123.973   136.946         0         0   
    17.01     34.91   46.3878         0     133.7      2.03   124.065   136.977         0         0   
    17.07        35   46.2523         0     133.2     2.648   124.144   137.026         0         0   
    17.13     35.08   46.1425         0     133.2     2.348   124.222    137.08         0         0   
    17.19     35.09   46.0697         0       134     2.946     124.3   137.128         0         0   
    17.26        35   46.0028         0     134.3     4.443    124.39   137.164         0         0   
    17.32     34.97    45.987         0     135.5     5.942   124.466   137.221         0         0   
    17.38     34.93   45.8329         0     135.3     5.264   124.542   137.228         0         0   
    17.44     34.89   45.7033         0     134.2     4.969   124.618   137.243         0         0   
    17.51     34.82   45.5989         0     134.6     4.842   124.706    137.27         0         0   
    17.57     34.74   45.5341         0     135.9     3.963    124.78   137.296         0         0   
    17.63     34.62   45.4812         0     137.3     4.521   124.854   137.316         0         0   
    17.69     34.59   45.4429         0     137.5     5.241   124.928   137.363         0         0   
    17.76     34.54   45.2826         0     138.6     5.564   125.013   137.375         0         0   
    17.82     34.53   45.1627         0     137.1     5.836   125.086   137.399         0         0   
    17.88     34.48   45.0924         0     136.9     5.429   125.158   137.429         0         0   
    17.94     34.49   45.0346         0     137.2      5.07    125.23   137.478         0         0   
    18.01     34.48   44.9744         0     138.5     4.721   125.313   137.531         0         0   
