!# Results of ROTMAS saved at 16-Oct-2007 (20:02:24)
!# User velocity         : Vu=V200*SQRT(((LN(1+C*R*0.75/V200))-(C*R*0.75/V200)/(1+C*R*0.75/V200))/((0.75*R/V200)*(LN(1+C)-(C/(1+C)))))
!# Total velocity        : Vt=SQRT(MG*VG*ABS(VG)+MD*VD*ABS(VD)+MB*VB*ABS(VB)+VU**2)
!# Chi-square            : 239.62
!# Red. Chi-square (N=97,n=2) : 2.522317
!# Parameter name  :            C        V200          MB          MD          MG
!# Parameter value :    27.544399   116.056000     1.000000     1.000000     1.000000 
!# Parameter error :     1.265838     1.561755     0.000000     0.000000     0.000000 
!#
!# Radius |  vgas   |  vdisk  |  vbulge |  vobs   | err vobs|   Vu    |   Vt    |   Rxv   |   Vxy   |
!# kpc       km/s      km/s       km/s     km/s     km/s       km/s      km/s       kpc       km/s   
!#===================================================================================================
   0.3024    -2.373   18.2623   102.462     20.16     22.95   62.4569   121.356         0         0   
   0.6049     -3.62   33.5567   138.725     25.96     25.51   85.4299     166.3         0         0   
   0.9073    -4.127   46.1485   110.156     28.24     22.43   101.335   156.575         0         0   
     1.21    -5.296   56.2927   94.2163     38.21     22.83    113.49    157.79         0         0   
    1.512    -6.943    64.882   83.1272     66.07     19.52   123.192   162.012         0         0   
    1.815    -7.838   71.1529   75.1598     98.94     13.92     131.2   166.924         0         0   
    2.117    -7.347   74.3327   69.7102     129.7     9.274   137.891   171.303         0         0   
    2.419    -5.292   78.0527   65.7658     149.9     6.805   143.578   176.079         0         0   
    2.722    -1.978   84.5124   61.4205     167.4     8.968   148.477   181.539         0         0   
    3.024    -2.043   90.3317   57.9532       181     11.64   152.703   186.635         0         0   
    3.327    -4.506   94.2541    54.543     191.5     10.79   156.398   190.522         0         0   
    3.629    -4.679     96.81   52.6914     200.3     10.11   159.622   193.923         0         0   
    3.932     5.331   100.969   50.9203     206.7     9.159   162.468    198.02         0         0   
    4.234     10.29   104.175    49.296     211.1     8.196   164.971   201.504         0         0   
    4.536      13.1    104.77   46.4151     213.5     7.037   167.186   203.111         0         0   
    4.839     14.54   104.887   45.2586     214.1     5.791   169.158   204.635         0         0   
    5.141     15.62   104.303   44.1649     213.5     5.235   170.905   205.626         0         0   
    5.444     17.96   103.481   43.1038     213.2     4.973   172.464   206.477         0         0   
    5.746     21.41   102.505   41.1088     214.2      4.63   173.848   207.071         0         0   
    6.049     24.57   101.211      40.3     215.5     4.233   175.084   207.668         0         0   
    6.351      26.5   99.8906   39.5292     215.3     3.944   176.183   208.046         0         0   
    6.653     27.59   97.7793   38.7881       214     4.039   177.161   207.876         0         0   
    6.956     28.18   95.7105   37.2935     212.5     4.023   178.035   207.465         0         0   
    7.258     28.25   93.6057    36.691       211     4.042   178.808   207.072         0         0   
    7.561     28.07   91.9457   36.1048     207.7     4.575   179.497   206.796         0         0   
    7.863     27.54    90.376   35.5419     204.8     5.171   180.104   206.463         0         0   
    8.166     26.51   88.7579   34.3783     200.8     5.637   180.641   205.898         0         0   
    8.468      25.1   87.2915   33.9043       199     5.345   181.112   205.428         0         0   
     8.77     23.73   85.8359   33.4447     200.7     4.837   181.524    204.94         0         0   
    9.073     22.36   84.6791   32.9953     200.4     4.974   181.883   204.549         0         0   
    9.375     20.96   83.5136   32.0593     200.6      4.97   182.191   204.047         0         0   
    9.678     19.19   82.8591   31.6709     201.9      5.18   182.456   203.782         0         0   
     9.98     18.54   82.1175   31.2957       204     8.209   182.678   203.563         0         0   
    10.28     21.54   80.6337   30.9355     206.9     4.214   182.862   203.375         0         0   
    10.58     22.71   79.0032   30.5839     206.1     3.779   183.012   202.943         0         0   
    10.89     22.82   77.5684   29.8235     205.1     4.035   183.133   202.398         0         0   
    11.19        23   76.4794   29.5146       204     4.352   183.222   202.038         0         0   
    11.49     23.46   75.2702   29.2126     203.3     4.633   183.284   201.649         0         0   
    11.79     24.05   74.2155   28.9172       203     4.881   183.321   201.319         0         0   
     12.1     24.66   73.1144   28.2705     202.3      5.23   183.336   200.911         0         0   
     12.4     25.57   72.2029    28.007     201.6     5.488   183.329   200.652         0         0   
     12.7     26.48   71.3113    27.749     200.9     5.599   183.303   200.391         0         0   
       13     27.26   70.4644   27.4961     200.3     5.866    183.26   200.121         0         0   
    13.31     28.15   69.5751   26.9376       200     5.991   183.197     199.8         0         0   
    13.61     29.41   68.6827   26.7095     199.9     6.164   183.121   199.572         0         0   
    13.91     31.12   67.8801   26.4856     199.8     6.433   183.031   199.444         0         0   
    14.21     33.13     67.04    26.266     199.8     6.782   182.928    199.36         0         0   
    14.52     34.93   66.2605   25.7773     199.8      6.79   182.808   199.233         0         0   
    14.82     36.09   65.5296   25.5772     199.8     6.622   182.681   199.056         0         0   
    15.12     37.01   64.8876   25.3805     199.7     6.316   182.544   198.863         0         0   
    15.42     37.73   64.2998   25.1873     199.8     6.081   182.397   198.648         0         0   
    15.73     38.08   63.6224   24.7551     199.5     6.031   182.236   198.294         0         0   
    16.03     38.63   63.0948   24.5777       199     5.987   182.071   198.059         0         0   
    16.33     39.03   62.5447   24.4032     198.5     5.983   181.899   197.783         0         0   
    16.63     38.92   61.9834   24.2316     197.2      5.93    181.72   197.398         0         0   
    16.94      38.5   61.3739   23.8457     195.6     5.538   181.528   196.901         0         0   
    17.24     38.11   60.7902   23.6871     194.2     5.178   181.335   196.447         0         0   
    17.54     37.98   60.2721   23.5309     192.9      4.92   181.138   196.061         0         0   
    17.84     37.99   59.7332    23.377     191.9      4.62   180.935   195.691         0         0   
    18.15     38.12   59.2509   23.0298     191.2     4.715    180.72    195.33         0         0   
    18.45     38.42   58.7439   22.8868     190.3     4.821   180.507   195.022         0         0   
    18.75     38.83   58.3017   22.7459     190.2     5.156    180.29   194.753         0         0   
    19.05     39.19   57.8287   22.6069     190.1     5.401    180.07   194.464         0         0   
    19.36     39.43   57.3637   22.2923     188.7     5.744   179.838   194.124         0         0   
    19.66     39.98   56.9451   22.1625     187.9     8.148   179.611   193.888         0         0   
    19.96     40.73   56.5051   22.0345     188.3     6.306   179.381   193.687         0         0   
    20.26     41.11   56.1173   21.9082     188.4     6.681   179.147   193.424         0         0   
    20.57      41.3    55.681   21.7744     188.7     6.996   178.904   193.098         0         0   
    20.87     41.52    55.315   21.5031     189.4     7.004   178.666   192.789         0         0   
    21.17     41.59   54.9116   21.3903     190.2     6.854   178.426   192.453         0         0   
    21.47     41.62   54.5263   21.2402     190.3     6.748   178.184   192.109         0         0   
    21.77     41.73   54.1726   21.0933     190.1     6.716    177.94   191.791         0         0   
    22.08     41.87   53.7836   20.9446     189.9     6.517   177.687    191.46         0         0   
    22.38     42.01   53.4538   20.8037     189.8     5.839    177.44   191.154         0         0   
    22.68     42.01   53.0883   20.6655     189.9     5.042   177.192   190.807         0         0   
    22.98      41.9   52.7732   20.5302     189.7     5.078   176.942   190.449         0         0   
    23.29     41.69   52.4125    20.393     189.8     5.028   176.684   190.048         0         0   
    23.59     41.43   52.0793   20.2629     189.5     5.292   176.433   189.652         0         0   
    23.89     41.18   51.7731   20.1352     189.1     5.703   176.181   189.265         0         0   
    24.19     40.89   51.4468   20.0099     187.3      8.65   175.928   188.865         0         0   
     24.5     40.65   51.1497   19.8829     187.2     5.933   175.667   188.475         0         0   
     24.8     40.57   50.8373   19.7621     187.1     6.004   175.413   188.124         0         0   
     25.1     40.46   50.5577   19.6436     186.8     8.107   175.159   187.776         0         0   
     25.4     40.21    50.261   19.5272       186     8.472   174.905   187.393         0         0   
    25.71     39.99   49.9532   19.4091     184.6      5.72   174.642   187.005         0         0   
    26.01     39.93   49.6968   19.2969       185     5.514   174.387   186.675         0         0   
    26.31     39.84   49.4091   19.1865       185      5.88   174.132    186.33         0         0   
    26.61     39.59   49.1702   19.0779     185.1     5.367   173.878   185.964         0         0   
    26.92     39.25   48.8793   18.9678       186     5.071   173.614   185.557         0         0   
    27.22     39.09   48.6214   18.8629       187     4.519    173.36   185.207         0         0   
    27.52     38.91   48.3862   18.7597     187.1     4.201   173.105   184.858         0         0   
    27.82     38.61   48.1397   18.6583     187.9     4.888   172.851   184.482         0         0   
    28.13      38.3    47.932   18.5552     185.4     5.578   172.589   184.107         0         0   
    28.43     38.07   47.7125    18.457     186.6     5.446   172.335   183.755         0         0   
    28.73     37.77   47.5409   18.3603     188.6     5.325   172.082   183.401         0         0   
    29.03     37.47   47.3707   18.2652     185.8     6.396   171.829   183.048         0         0   
    29.34     37.29   47.2662   18.1685     179.6     6.018   171.568    182.73         0         0   
