!# Results of ROTMAS saved at 13-Oct-2007 (11:46:58)
!# User velocity         : Vu=V200*SQRT(((LN(1+C*R*0.75/V200))-(C*R*0.75/V200)/(1+C*R*0.75/V200))/((0.75*R/V200)*(LN(1+C)-(C/(1+C)))))
!# Total velocity        : Vt=SQRT(MG*VG*ABS(VG)+MD*VD*ABS(VD)+VU**2)
!# Chi-square            : 157.333
!# Red. Chi-square (N=288,n=2) : 0.550114
!# Parameter name  :            C        V200          MD          MG
!# Parameter value :     9.919360   109.496002     1.000000     1.000000 
!# Parameter error :     0.180147     0.997696     0.000000     0.000000 
!#
!# Radius |  vgas   |  vdisk  |  vbulge |  vobs   | err vobs|   Vu    |   Vt    |   Rxv   |   Vxy   |
!# kpc       km/s      km/s       km/s     km/s     km/s       km/s      km/s       kpc       km/s   
!#===================================================================================================
  0.06252    -0.878   5.01335         0      1.98     6.926   13.0178   13.9222         0         0   
    0.125    -1.771   11.5621         0     15.78     7.691   18.3553   21.6209         0         0   
   0.1876     -2.74    18.917         0      22.3     4.584   22.4236   29.2089         0         0   
   0.2501    -3.448    25.385         0     32.16     4.542   25.8186   36.0431         0         0   
   0.3126    -3.847   30.7404         0     39.67     4.433   28.7847   41.9372         0         0   
   0.3751    -3.736   35.6968         0     46.24     4.892   31.4439   47.4239         0         0   
   0.4377    -3.329   39.9872         0     53.31     5.425   33.8727   52.2997         0         0   
   0.5002    -3.488   43.5123         0     59.93     5.252    36.111   56.4372         0         0   
   0.5627    -3.553   46.2506         0     63.97     4.703   38.1958   59.8783         0         0   
   0.6252    -3.157   48.3567         0     67.31     4.833   40.1514   62.7737         0         0   
   0.6878    -2.552    49.901         0     71.34     5.217   41.9991    65.173         0         0   
   0.7503     -1.75   51.4722         0     75.57     5.835   43.7471   67.5287         0         0   
   0.8128    -1.157   52.9319         0     77.88     5.215   45.4099   69.7317         0         0   
   0.8753    0.9515   54.1831         0     78.48     4.769   46.9969   71.7316         0         0   
   0.9379     1.491   55.1825         0     79.11     4.473    48.518   73.4938         0         0   
        1     -1.75   56.0103         0     79.94     4.478   49.9658   75.0378         0         0   
    1.063    -3.049   56.8943         0     78.37     4.277   51.3777   76.5985         0         0   
    1.125    -3.095    57.788         0     78.17     5.311    52.716   78.1591         0         0   
    1.188    -2.711   58.8068         0     80.29     5.612   54.0279   79.8117         0         0   
     1.25    -1.524   60.0885         0     81.05     4.532   55.2753   81.6312         0         0   
    1.313     2.252   61.5697         0     82.24     4.249   56.5015   83.5962         0         0   
    1.376     4.243   63.0176         0     84.09     4.042    57.689   85.5409         0         0   
    1.438     5.631   64.2533         0     84.33     4.746   58.8223   87.2941         0         0   
    1.501     5.952   64.9212         0     85.52     5.536     59.94   88.5607         0         0   
    1.563      5.54   65.5686         0     87.43     6.061   61.0088   89.7329         0         0   
    1.626     4.284        66         0      89.9     6.303   62.0648   90.6994         0         0   
    1.688     1.864    66.299         0     91.76      6.55   63.0761   91.5294         0         0   
    1.751    -1.383   66.5819         0     93.15     6.431    64.077   92.3964         0         0   
    1.813     3.054    66.748         0     93.87     6.196   65.0369   93.2439         0         0   
    1.876     4.459   67.0041         0     94.41     5.643    65.988    94.148         0         0   
    1.938     4.357    67.412         0     95.31     5.843   66.9013   95.0744         0         0   
    2.001     4.822   67.5996         0     96.72     5.987   67.8073   95.8686         0         0   
    2.063     5.207   67.6492         0     98.01      5.72   68.6783   96.5414         0         0   
    2.126     4.209   67.7901         0     97.78     6.124   69.5432   97.2084         0         0   
    2.188     2.869   67.7912         0     98.34     6.088   70.3754   97.7577         0         0   
    2.251    0.8887   68.1541         0     96.17     5.947   71.2025   98.5676         0         0   
    2.313    -2.144   68.4763         0     96.39     6.168    71.999   99.3391         0         0   
    2.376    -2.411   68.6002         0     98.41     5.719   72.7913   99.9938         0         0   
    2.438    -3.313    68.857         0     98.95      5.65   73.5549   100.701         0         0   
    2.501    -3.768   69.1446         0     97.96     5.947   74.3151   101.437         0         0   
    2.563    -1.335   69.2229         0     98.02     5.535   75.0481   102.089         0         0   
    2.626     3.758   69.4886         0     97.81     5.436   75.7783   102.884         0         0   
    2.689      4.56   69.7379         0     98.59      4.98   76.4942   103.612         0         0   
    2.751     4.388   70.0819         0     99.98      4.97   77.1853   104.347         0         0   
    2.814     2.929   70.6563         0     99.95     5.133   77.8743   105.192         0         0   
    2.876     -3.21   71.3142         0       100     4.688   78.5397   106.037         0         0   
    2.939     -4.77   71.7216         0     100.5     4.215   79.2034   106.745         0         0   
    3.001    -5.367   72.1809         0     101.5      3.98   79.8448   107.501         0         0   
    3.064    -5.373   72.6353         0     102.3     4.451   80.4849   108.281         0         0   
    3.126    -4.263   73.0818         0     103.4     4.389   81.1037    109.09         0         0   
    3.189     2.225   73.4724         0     104.1      4.25   81.7215   109.916         0         0   
    3.251     5.319   73.8671         0     104.8     4.151    82.319    110.73         0         0   
    3.314      7.78   74.4548         0       106     4.658   82.9159    111.71         0         0   
    3.376     9.963   74.9267         0     107.8     5.368   83.4933   112.625         0         0   
    3.439     12.08   75.4266         0     108.8     5.801   84.0703   113.591         0         0   
    3.501     14.33   75.7881         0       110     5.913   84.6288   114.504         0         0   
    3.564     16.21   75.9853         0     110.8     5.957    85.187   115.297         0         0   
    3.626      17.4   75.9917         0     111.9     6.024   85.7275   115.874         0         0   
    3.689     17.95   75.6866         0     113.2     6.022    86.268   116.159         0         0   
    3.751     18.05   75.3596         0     114.3     5.968   86.7915   116.351         0         0   
    3.814        18    74.952         0     114.8     5.845    87.315   116.472         0         0   
    3.877     17.95   74.4254         0     115.8     5.533   87.8304   116.514         0         0   
    3.939     17.97   73.8705         0     116.3      5.87   88.3298   116.541         0         0   
    4.002     18.19   73.2497         0     116.7     5.649   88.8295   116.564         0         0   
    4.064      18.4   72.9089         0     117.2     5.172   89.3138   116.753         0         0   
    4.127     18.73    72.517         0     117.5     5.133   89.7986   116.933         0         0   
    4.189     19.29   72.1894         0     118.3     5.236   90.2686   117.183         0         0   
    4.252     20.02     71.95         0     119.1     5.377   90.7391   117.521         0         0   
    4.314     20.62    71.584         0     119.2     5.942   91.1954   117.754         0         0   
    4.377     21.05   70.9592         0     119.5     6.878   91.6524   117.807         0         0   
    4.439     21.34   70.6755         0     120.6     7.367   92.0956   118.034         0         0   
    4.502      21.3   70.2439         0     120.4     7.718   92.5395   118.116         0         0   
    4.564     21.41   69.7455         0     120.5     7.834   92.9702   118.179         0         0   
    4.627     21.91   69.3159         0     121.2     7.553   93.4017   118.358         0         0   
    4.689     22.39   68.7488         0     121.4     7.463   93.8204   118.448         0         0   
    4.752     22.25    68.362         0     121.7     6.861     94.24   118.531         0         0   
    4.814     21.82   68.0247         0     122.2     6.338   94.6472   118.581         0         0   
    4.877     22.14   67.7483         0     122.7     6.054   95.0553   118.809         0         0   
    4.939     22.95   67.4638         0     123.5      5.87   95.4515   119.118         0         0   
    5.002     23.44   67.0405         0     124.4     5.873   95.8486   119.293         0         0   
    5.064     23.72    66.686         0     125.1     5.817   96.2343    119.46         0         0   
    5.127     24.13   66.4097         0     125.9     5.933   96.6209     119.7         0         0   
     5.19     24.52   66.0356         0     125.9     6.142   97.0023   119.881         0         0   
    5.252     24.58   65.7027         0     126.1     6.468   97.3728    120.01         0         0   
    5.315     24.42    65.301         0     125.8     6.591   97.7443    120.06         0         0   
    5.377     24.57    64.959         0     126.1     6.455   98.1051     120.2         0         0   
     5.44     24.78    64.834         0     126.3      6.02   98.4671   120.471         0         0   
    5.502     24.64   64.3896         0     125.9     5.658   98.8187   120.492         0         0   
    5.565     24.61   63.9866         0     125.4     5.887   99.1714   120.561         0         0   
    5.627     24.71   63.8538         0       126     5.944   99.5142   120.793         0         0   
     5.69     24.58   63.6143         0       126     5.919    99.858   120.924         0         0   
    5.752     24.42   63.3414         0     125.5     5.909   100.192   121.025         0         0   
    5.815     24.33   63.3937         0     125.1     5.917   100.527   121.312         0         0   
    5.877     24.33   63.3507         0     125.4     5.576   100.853   121.559         0         0   
     5.94     24.55   63.0577         0     125.7     5.371    101.18   121.723         0         0   
    6.002     24.74   62.8288         0     125.9     5.086   101.498   121.907         0         0   
    6.065     24.72   62.4476         0     126.9     4.891   101.817   121.974         0         0   
    6.127     24.84   62.1279         0     127.4     4.766   102.127   122.094         0         0   
     6.19     25.22   61.9013         0       127     4.889   102.439   122.317         0         0   
    6.252     25.49   61.6848         0     127.5     4.936   102.742   122.518         0         0   
    6.315     25.55   61.4897         0     128.1     4.844   103.045   122.687         0         0   
    6.377     25.73    61.272         0     128.6     4.853   103.341   122.864         0         0   
     6.44     25.95   61.0804         0     128.1     4.911   103.638   123.065         0         0   
    6.503     25.94   60.8691         0     127.3     4.831   103.931   123.205         0         0   
    6.565     25.83   60.7361         0       127     4.735   104.216   123.357         0         0   
    6.628     25.74   60.6436         0     126.6     4.931   104.502   123.535         0         0   
     6.69     25.58    60.422         0     126.7      4.76   104.781   123.629         0         0   
    6.753      25.4   60.0947         0     126.8     4.815    105.06    123.67         0         0   
    6.815      25.5   60.0048         0     126.7     4.774   105.332   123.878         0         0   
    6.878     25.78   59.9719         0     126.8     4.638   105.606   124.152         0         0   
     6.94     26.17   59.8624         0     126.8     4.775   105.871   124.407         0         0   
    7.003     26.53   59.6633         0     126.9     4.565   106.138   124.615         0         0   
    7.065     26.81   59.4158         0     126.5     4.618   106.398   124.778         0         0   
    7.128      27.1   59.0149         0       126     4.804   106.659   124.873         0         0   
     7.19     27.48   58.9447         0     126.3     4.816   106.913    125.14         0         0   
    7.253     27.86    58.946         0     126.7     4.753   107.168   125.443         0         0   
    7.315     28.21   58.6308         0     126.2     4.775   107.416   125.585         0         0   
    7.378     28.52   58.5933         0     126.1     4.523   107.666   125.851         0         0   
     7.44     28.78    58.461         0     126.4     4.326   107.909   126.057         0         0   
    7.503     28.93   58.1161         0     126.6     4.346   108.153    126.14         0         0   
    7.565     29.07   57.9054         0     127.1     4.361    108.39   126.279         0         0   
    7.628     29.09   57.5614         0     127.7     4.569   108.629   126.332         0         0   
     7.69     29.09   57.2945         0     128.1     4.667   108.861    126.41         0         0   
    7.753     29.45   57.1158         0     127.9     4.857   109.094   126.614         0         0   
    7.816      29.8    56.746         0     128.3     4.623   109.325   126.728         0         0   
    7.878     29.85   56.4632         0     128.1     4.432    109.55   126.808         0         0   
    7.941     30.16   56.2761         0     127.4     4.429   109.775   126.993         0         0   
    8.003     30.45   55.9588         0     127.8     4.099   109.995   127.112         0         0   
    8.066     30.25   55.8281         0     128.3     3.842   110.216   127.198         0         0   
    8.128     30.01   55.6491         0     128.5     4.034   110.431    127.25         0         0   
    8.191     29.91   55.2428         0     128.7     4.137   110.648   127.237         0         0   
    8.253     29.83   54.9527         0     129.1     4.092   110.858   127.276         0         0   
    8.316     30.01    54.705         0     129.2     4.198    111.07   127.396         0         0   
    8.378     30.46    54.539         0     129.2     4.378   111.276   127.611         0         0   
    8.441     30.74   54.4793         0     129.3     4.586   111.483   127.834         0         0   
    8.503     30.67   54.1886         0     129.4      4.73   111.685   127.869         0         0   
    8.566      30.6   53.7534         0     129.3     4.858   111.888   127.846         0         0   
    8.628     30.64   53.6312         0     129.2     4.982   112.086   127.978         0         0   
    8.691     30.74   53.4432         0     128.9     5.176   112.284   128.097         0         0   
    8.753     30.99   53.3305         0     128.9     5.194   112.478    128.28         0         0   
    8.816     31.33   53.2234         0     128.3     5.104   112.672   128.489         0         0   
    8.878     31.65    52.905         0     128.5     4.761   112.862   128.602         0         0   
    8.941     31.84   52.6105         0     128.4     4.699   113.052   128.695         0         0   
    9.003     31.79   52.5214         0     128.5     4.662   113.238    128.81         0         0   
    9.066     31.81   52.3613         0       128     4.809   113.425   128.914         0         0   
    9.129     31.83   52.2737         0     127.8     4.859   113.609   129.046         0         0   
    9.191     31.78   52.1636         0     127.5      4.51   113.789   129.147         0         0   
    9.254     31.77   51.8728         0       128     4.462    113.97   129.187         0         0   
    9.316     31.75   51.7158         0     128.2     4.679   114.147   129.275         0         0   
    9.379     31.81    51.611         0     127.9     4.566   114.324   129.405         0         0   
    9.441     31.94   51.4888         0     127.7     4.504   114.497   129.541         0         0   
    9.504     32.15   51.3542         0     127.8     5.378   114.671   129.693         0         0   
    9.566     32.51    51.111         0     127.7     4.901    114.84   129.836         0         0   
    9.629     32.88   50.7936         0     127.5     4.363    115.01   129.955         0         0   
    9.691     33.05   50.6396         0     127.6      4.31   115.176   130.085         0         0   
    9.754     33.09   50.5121         0     127.7       4.3   115.343   130.194         0         0   
    9.816     33.09   50.3949         0     127.6     4.438   115.506   130.292         0         0   
    9.879     33.48   50.2668         0     127.3     4.651   115.669   130.488         0         0   
    9.941     34.02   49.9795         0     127.4     4.704   115.828   130.658         0         0   
       10     34.27   49.7382         0     127.3     4.688   115.979   130.765         0         0   
    10.07     34.41   49.6042         0     127.3     4.423   116.155   130.907         0         0   
    10.13     34.35   49.4947         0     127.2     4.441   116.305   130.983         0         0   
    10.19     34.23   49.3869         0     127.4     4.289   116.453   131.042         0         0   
    10.25     34.33   49.2342         0     127.7     4.188     116.6   131.141         0         0   
    10.32     34.69   48.9068         0       128     3.976   116.769   131.265         0         0   
    10.38     35.08   48.7265         0     128.1     3.966   116.913   131.429         0         0   
    10.44     35.34   48.6287         0     128.3     3.959   117.056   131.589         0         0   
     10.5     35.34   48.5294         0     128.2     3.995   117.197   131.678         0         0   
    10.57     35.48   48.4127         0     128.6     3.833    117.36   131.818         0         0   
    10.63     35.76   48.1757         0       129      3.64   117.498    131.93         0         0   
    10.69     35.93   47.9209         0     129.8     3.548   117.635   132.006         0         0   
    10.75     36.03   47.7894         0     130.1     3.622   117.771   132.106         0         0   
    10.82      36.1   47.6937         0     130.3     3.611   117.928   132.231         0         0   
    10.88      36.3   47.5954         0     130.4     3.543   118.061   132.369         0         0   
    10.94     36.55   47.4804         0     130.4     4.284   118.193   132.514         0         0   
       11     36.66   47.2185         0     130.5     4.247   118.324   132.567         0         0   
    11.07      36.7   46.9852         0     130.8     3.351   118.474    132.63         0         0   
    11.13     36.74   46.8813         0     130.6      3.38   118.602   132.719         0         0   
    11.19     36.89   46.8127         0     130.6     3.313   118.729   132.849         0         0   
    11.25     37.14   46.7213         0     130.9     3.134   118.855   132.999         0         0   
    11.32     37.25    46.535         0     131.1     3.106       119   133.094         0         0   
    11.38     37.34   46.2852         0     130.8      3.13   119.123   133.143         0         0   
    11.44     37.35   46.1232         0     130.7      3.19   119.245   133.199         0         0   
     11.5     37.32   46.0293         0     130.5      3.18   119.366   133.266         0         0   
    11.57     37.31   45.9521         0     130.8     3.166   119.506   133.362         0         0   
    11.63     37.38   45.8582         0     130.9      3.89   119.625   133.455         0         0   
    11.69     37.53   45.6513         0     131.3     3.023   119.742   133.532         0         0   
    11.75     37.66   45.4337         0     131.5     2.965   119.859   133.599         0         0   
    11.82     37.71   45.2844         0     131.5     3.053   119.993   133.683         0         0   
    11.88     37.68   45.2028         0     131.7     3.169   120.107   133.749         0         0   
    11.94     37.57   45.1553         0       132      3.13   120.221   133.804         0         0   
       12     37.54   45.0394         0     131.8     3.131   120.333   133.857         0         0   
    12.07     37.45    44.783         0     132.2     3.164   120.462   133.862         0         0   
    12.13     37.36   44.6021         0     133.1     3.324   120.572   133.876         0         0   
    12.19      37.4   44.5025         0     133.1     3.218   120.681   133.952         0         0   
    12.25     37.48   44.4227         0     133.3     3.178   120.789   134.045         0         0   
    12.32     37.44   44.3655         0     132.9     3.189   120.914   134.128         0         0   
    12.38      37.5   44.2129         0     132.5      3.04    121.02   134.189         0         0   
    12.44     37.64   43.9998         0     132.9     3.948   121.125   134.253         0         0   
     12.5     37.71   43.8464         0     133.3     3.372   121.229   134.317         0         0   
    12.57     37.73   43.7436         0     133.4      3.39   121.349   134.397         0         0   
    12.63     37.71   43.7167         0     133.1     3.353   121.451   134.475         0         0   
    12.69     37.62   43.6248         0     133.2     3.488   121.552   134.511         0         0   
    12.75     37.55   43.4419         0     133.1     3.537   121.652   134.523         0         0   
    12.82      37.4   43.2241         0     133.9     3.615   121.768   134.516         0         0   
    12.88     37.36   43.1103         0     133.3     6.303   121.866   134.557         0         0   
    12.94     37.46   43.0316         0     133.4     3.781   121.964   134.648         0         0   
    13.01     37.46    42.999         0     133.9     3.714   122.076    134.74         0         0   
    13.07     37.29    42.881         0     134.2     4.379   122.172   134.742         0         0   
    13.13     37.17   42.6818         0     134.9      4.65   122.267   134.731         0         0   
    13.19     37.17   42.5178         0       135     4.179    122.36   134.764         0         0   
    13.26     37.11   42.4093         0     134.1      4.45   122.469   134.812         0         0   
    13.32     37.05   42.3403         0     134.3      4.59   122.561   134.858         0         0   
    13.38     36.95   42.3199         0     134.3     4.576   122.652   134.907         0         0   
    13.44     36.89   42.1802         0     135.4     4.159   122.743   134.929         0         0   
    13.51     36.99    41.968         0     136.5     4.006   122.847   134.985         0         0   
    13.57      37.1   41.8366         0     136.8     4.374   122.936   135.056         0         0   
    13.63     37.15   41.7556         0     137.4     3.889   123.024   135.124         0         0   
    13.69     37.29   41.6875         0     137.8     4.052   123.111   135.221         0         0   
    13.76     37.51    41.646         0     138.5     4.291   123.212   135.361         0         0   
    13.82     37.59   41.4709         0     139.4     4.718   123.298   135.407         0         0   
    13.88      37.5    41.314         0     139.1     4.675   123.382   135.412         0         0   
    13.94     37.51   41.2042         0     139.9     5.065   123.467   135.458         0         0   
    14.01     37.61   41.1194         0     141.2     4.729   123.564   135.548         0         0   
    14.07      37.5   41.1192         0     142.4     4.556   123.646   135.593         0         0   
    14.13     37.29   41.0117         0     142.9       4.8   123.728   135.577         0         0   
    14.19     37.26   40.8364         0     143.9     4.446   123.809    135.59         0         0   
    14.26      37.3   40.6698         0     141.4     4.846   123.903   135.636         0         0   
    14.32     37.27   40.5862         0     142.1     4.415   123.982   135.676         0         0   
    14.38     37.16   40.5216         0     141.6      4.61   124.061   135.698         0         0   
    14.44     37.11   40.5224         0     141.1     6.545   124.139   135.756         0         0   
    14.51     37.15   40.3647         0     139.8     4.895   124.229   135.803         0         0   
    14.57      37.2   40.2083         0     140.8     4.557   124.306    135.84         0         0   
    14.63     37.18   40.0847         0     140.3      4.94   124.382   135.868         0         0   
    14.69     37.16   40.0087         0     139.7     4.891   124.457   135.909         0         0   
    14.76     37.13   39.9397         0     140.2     4.893   124.544    135.96         0         0   
    14.82     36.98   39.9256         0     139.7     4.545   124.618   135.983         0         0   
    14.88     36.88     39.77         0     139.5     4.288   124.692   135.977         0         0   
    14.94     36.88   39.6311         0     138.5     4.278   124.764   136.003         0         0   
    15.01     37.01   39.5135         0     137.3     4.754   124.848   136.081         0         0   
    15.07      37.2   39.4469         0     138.3     4.406   124.919   136.179         0         0   
    15.13     37.35   39.3893         0       141     3.761    124.99   136.268         0         0   
    15.19     37.39   39.3647         0     141.6     3.656    125.06   136.336         0         0   
    15.26     37.35   39.1871         0     140.7     3.531   125.141   136.349         0         0   
    15.32     37.32   39.0585         0     139.5     3.432    125.21   136.366         0         0   
    15.38      37.3   38.9796         0     140.6     3.371   125.278   136.401         0         0   
    15.44     37.26   38.9184         0     139.5     3.475   125.345   136.435         0         0   
    15.51     37.24   38.9201         0     138.7     3.367   125.423   136.501         0         0   
    15.57     37.18   38.7918         0     139.5     3.159    125.49   136.509         0         0   
    15.63     37.06    38.653         0     141.1      3.13   125.555   136.498         0         0   
    15.69     36.92   38.5365         0       140     3.084    125.62   136.487         0         0   
    15.76     36.73   38.4567         0     140.1     3.011   125.696   136.482         0         0   
    15.82     36.58    38.403         0     140.9     2.845    125.76   136.486         0         0   
    15.88     36.45   38.4041         0     140.9     2.843   125.823    136.51         0         0   
    15.94     36.39   38.2649         0     140.5     3.088   125.886   136.512         0         0   
    16.01     36.26   38.1208         0     139.6     2.813   125.958   136.504         0         0   
    16.07     36.16   38.0292         0     138.2     3.083    126.02   136.509         0         0   
    16.13     36.14    37.967         0     136.5     4.838   126.081   136.543         0         0   
    16.19     36.24   37.9168         0     135.9     4.495   126.142   136.611         0         0   
    16.26     36.27    37.884         0     135.3     4.074   126.211   136.675         0         0   
    16.32     36.23   37.7471         0     136.1     5.706   126.271   136.681         0         0   
    16.38     36.15   37.6307         0     136.3     4.518    126.33   136.682         0         0   
    16.44     36.02   37.5544         0     135.7     4.072   126.388   136.681         0         0   
    16.51     35.79   37.4898         0     135.5     3.552   126.456   136.665         0         0   
    16.57      35.6   37.4408         0     135.5     3.318   126.513   136.655         0         0   
    16.63     35.44   37.3959         0     135.1      3.64    126.57   136.654         0         0   
    16.69     35.34   37.2715         0     134.9     2.521   126.626   136.646         0         0   
    16.76      35.2     37.15         0     134.3      2.02   126.691   136.637         0         0   
    16.82     35.05   37.0896         0     134.4     1.982   126.746   136.634         0         0   
    16.88     34.93   37.0386         0     135.4     1.907   126.801    136.64         0         0   
    16.94     34.87    37.052         0     134.5     1.987   126.855   136.678         0         0   
    17.01     34.91    36.905         0     133.7      2.03   126.918   136.707         0         0   
    17.07        35   36.7972         0     133.2     2.648   126.971    136.75         0         0   
    17.13     35.08   36.7098         0     133.2     2.348   127.024   136.796         0         0   
    17.19     35.09   36.6519         0       134     2.946   127.076   136.832         0         0   
    17.26        35   36.5987         0     134.3     4.443   127.137   136.851         0         0   
    17.32     34.97   36.5861         0     135.5     5.942   127.188   136.888         0         0   
    17.38     34.93   36.4635         0     135.3     5.264   127.239   136.892         0         0   
    17.44     34.89   36.3604         0     134.2     4.969   127.289   136.901         0         0   
    17.51     34.82   36.2773         0     134.6     4.842   127.347   136.915         0         0   
    17.57     34.74   36.2258         0     135.9     3.963   127.397   136.928         0         0   
    17.63     34.62   36.1837         0     137.3     4.521   127.446   136.932         0         0   
    17.69     34.59   36.1532         0     137.5     5.241   127.494   136.961         0         0   
    17.76     34.54   36.0257         0     138.6     5.564   127.551   136.967         0         0   
    17.82     34.53   35.9303         0     137.1     5.836   127.598   136.984         0         0   
    17.88     34.48   35.8744         0     136.9     5.429   127.646   137.001         0         0   
    17.94     34.49   35.8284         0     137.2      5.07   127.692   137.035         0         0   
    18.01     34.48   35.7805         0     138.5     4.721   127.746    137.07         0         0   
