!# Results of ROTMAS saved at 12-May-2008 (13:40:38)
!# User velocity         : Vu=SQRT(4*{PI}*4.321*RHO*RC*RC*(1-(RC/R)*ATAN(R/RC)))
!# Total velocity        : Vt=SQRT(MG*VG*ABS(VG)+MD*VD*ABS(VD)+VU**2)
!# Chi-square            : 298.486
!# Red. Chi-square (N=288,n=2) : 1.043659
!# Parameter name  :           RC         RHO          MD          MG
!# Parameter value :     1.488780   152.768997     0.710000     1.000000 
!# Parameter error :     0.041382     7.504510     0.000000     0.000000 
!#
!# Radius |  vgas   |  vdisk  |  vbulge |  vobs   | err vobs|   Vu    |   Vt    |   Rxv   |   Vxy   |
!# kpc       km/s      km/s       km/s     km/s     km/s       km/s      km/s       kpc       km/s   
!#===================================================================================================
  0.06252    -0.878   4.22432         0      1.98     6.926   3.28582   5.27926         0         0   
    0.125    -1.771    9.7424         0     15.78     7.691   6.55916   11.6104         0         0   
   0.1876     -2.74   15.9397         0      22.3     4.584   9.81819   18.5193         0         0   
   0.2501    -3.448   21.3898         0     32.16     4.542   13.0417   24.8137         0         0   
   0.3126    -3.847   25.9023         0     39.67     4.433   16.2256   30.3216         0         0   
   0.3751    -3.736   30.0787         0     46.24     4.892   19.3615   35.5758         0         0   
   0.4377    -3.329   33.6938         0     53.31     5.425   22.4467    40.349         0         0   
   0.5002    -3.488   36.6641         0     59.93     5.252   25.4645   44.5032         0         0   
   0.5627    -3.553   38.9714         0     63.97     4.703   28.4142    48.099         0         0   
   0.6252    -3.157   40.7461         0     67.31     4.833   31.2909   51.2776         0         0   
   0.6878    -2.552   42.0473         0     71.34     5.217   34.0953   54.0736         0         0   
   0.7503     -1.75   43.3712         0     75.57     5.835   36.8155   56.8628         0         0   
   0.8128    -1.157   44.6012         0     77.88     5.215    39.454   59.5361         0         0   
   0.8753    0.9515   45.6555         0     78.48     4.769   42.0096   62.0495         0         0   
   0.9379     1.491   46.4976         0     79.11     4.473   44.4857   64.3679         0         0   
        1     -1.75   47.1951         0     79.94     4.478   46.8594    66.484         0         0   
    1.063    -3.049     47.94         0     78.37     4.277   49.1841    68.615         0         0   
    1.125    -3.095    48.693         0     78.17     5.311   51.3909    70.728         0         0   
    1.188    -2.711   49.5515         0     80.29     5.612   53.5526   72.9101         0         0   
     1.25    -1.524   50.6315         0     81.05     4.532   55.6023   75.1854         0         0   
    1.313     2.252   51.8795         0     82.24     4.249   57.6082   77.5581         0         0   
    1.376     4.243   53.0996         0     84.09     4.042   59.5388   79.8902         0         0   
    1.438     5.631   54.1408         0     84.33     4.746   61.3677   82.0301         0         0   
    1.501     5.952   54.7036         0     85.52     5.536   63.1563   83.7653         0         0   
    1.563      5.54   55.2491         0     87.43     6.061   64.8504    85.374         0         0   
    1.626     4.284   55.6126         0      89.9     6.303    66.507   86.8003         0         0   
    1.688     1.864   55.8645         0     91.76      6.55   68.0762   88.0834         0         0   
    1.751    -1.383   56.1029         0     93.15     6.431    69.611   89.3942         0         0   
    1.813     3.054   56.2429         0     93.87     6.196   71.0652   90.6799         0         0   
    1.876     4.459   56.4587         0     94.41     5.643    72.488    91.989         0         0   
    1.938     4.357   56.8024         0     95.31     5.843   73.8367   93.2596         0         0   
    2.001     4.822   56.9604         0     96.72     5.987    75.157   94.4262         0         0   
    2.063     5.207   57.0022         0     98.01      5.72   76.4091    95.471         0         0   
    2.126     4.209    57.121         0     97.78     6.124   77.6356    96.477         0         0   
    2.188     2.869   57.1219         0     98.34     6.088   78.7995   97.3679         0         0   
    2.251    0.8887   57.4277         0     96.17     5.947   79.9404   98.4337         0         0   
    2.313    -2.144   57.6992         0     96.39     6.168   81.0238   99.4458         0         0   
    2.376    -2.411   57.8036         0     98.41     5.719   82.0866   100.368         0         0   
    2.438    -3.313   58.0199         0     98.95      5.65   83.0965   101.293         0         0   
    2.501    -3.768   58.2623         0     97.96     5.947   84.0879    102.23         0         0   
    2.563    -1.335   58.3283         0     98.02     5.535   85.0307   103.105         0         0   
    2.626     3.758   58.5521         0     97.81     5.436   85.9569   104.072         0         0   
    2.689      4.56   58.7622         0     98.59      4.98   86.8524   104.963         0         0   
    2.751     4.388   59.0521         0     99.98      4.97    87.705   105.823         0         0   
    2.814     2.929   59.5361         0     99.95     5.133   88.5436   106.738         0         0   
    2.876     -3.21   60.0904         0       100     4.688   89.3427   107.623         0         0   
    2.939     -4.77   60.4337         0     100.5     4.215   90.1291    108.41         0         0   
    3.001    -5.367   60.8207         0     101.5      3.98    90.879   109.222         0         0   
    3.064    -5.373   61.2036         0     102.3     4.451   91.6177   110.049         0         0   
    3.126    -4.263   61.5798         0     103.4     4.389   92.3226   110.893         0         0   
    3.189     2.225   61.9089         0     104.1      4.25   93.0174   111.758         0         0   
    3.251     5.319   62.2415         0     104.8     4.151   93.6809   112.598         0         0   
    3.314      7.78   62.7367         0       106     4.658   94.3354   113.559         0         0   
    3.376     9.963   63.1344         0     107.8     5.368   94.9608   114.467         0         0   
    3.439     12.08   63.5556         0     108.8     5.801   95.5782   115.414         0         0   
    3.501     14.33   63.8602         0       110     5.913   96.1686   116.327         0         0   
    3.564     16.21   64.0263         0     110.8     5.957   96.7517   117.145         0         0   
    3.626      17.4   64.0317         0     111.9     6.024   97.3098    117.78         0         0   
    3.689     17.95   63.7747         0     113.2     6.022   97.8613   118.179         0         0   
    3.751     18.05   63.4991         0     114.3     5.968   98.3895   118.484         0         0   
    3.814        18   63.1557         0     114.8     5.845   98.9118   118.727         0         0   
    3.877     17.95    62.712         0     115.8     5.533   99.4203   118.909         0         0   
    3.939     17.97   62.2444         0     116.3      5.87   99.9076   119.075         0         0   
    4.002     18.19   61.7213         0     116.7     5.649    100.39   119.242         0         0   
    4.064      18.4   61.4341         0     117.2     5.172   100.853   119.516         0         0   
    4.127     18.73   61.1039         0     117.5     5.133   101.311   119.785         0         0   
    4.189     19.29   60.8279         0     118.3     5.236   101.751   120.105         0         0   
    4.252     20.02   60.6261         0     119.1     5.377   102.186   120.492         0         0   
    4.314     20.62   60.3177         0     119.2     5.942   102.605   120.794         0         0   
    4.377     21.05   59.7913         0     119.5     6.878    103.02   120.959         0         0   
    4.439     21.34   59.5522         0     120.6     7.367   103.418   121.232         0         0   
    4.502      21.3   59.1886         0     120.4     7.718   103.814   121.385         0         0   
    4.564     21.41   58.7686         0     120.5     7.834   104.194   121.526         0         0   
    4.627     21.91   58.4066         0     121.2     7.553   104.571   121.764         0         0   
    4.689     22.39   57.9288         0     121.4     7.463   104.934   121.935         0         0   
    4.752     22.25   57.6028         0     121.7     6.861   105.294   122.065         0         0   
    4.814     21.82   57.3186         0     122.2     6.338    105.64   122.153         0         0   
    4.877     22.14   57.0857         0     122.7     6.054   105.985     122.4         0         0   
    4.939     22.95    56.846         0     123.5      5.87   106.316   122.724         0         0   
    5.002     23.44   56.4893         0     124.4     5.873   106.645   122.938         0         0   
    5.064     23.72   56.1906         0     125.1     5.817   106.962    123.13         0         0   
    5.127     24.13   55.9578         0     125.9     5.933   107.278   123.378         0         0   
     5.19     24.52   55.6426         0     125.9     6.142   107.587   123.581         0         0   
    5.252     24.58   55.3621         0     126.1     6.468   107.884   123.726         0         0   
    5.315     24.42   55.0236         0     125.8     6.591    108.18   123.802         0         0   
    5.377     24.57   54.7354         0     126.1     6.455   108.465   123.953         0         0   
     5.44     24.78   54.6301         0     126.3      6.02   108.749   124.197         0         0   
    5.502     24.64   54.2556         0     125.9     5.658   109.023   124.245         0         0   
    5.565     24.61   53.9161         0     125.4     5.887   109.296   124.331         0         0   
    5.627     24.71   53.8042         0       126     5.944   109.559   124.533         0         0   
     5.69     24.58   53.6024         0       126     5.919   109.821   124.652         0         0   
    5.752     24.42   53.3724         0     125.5     5.909   110.074   124.744         0         0   
    5.815     24.33   53.4165         0     125.1     5.917   110.326   124.968         0         0   
    5.877     24.33   53.3802         0     125.4     5.576   110.569   125.168         0         0   
     5.94     24.55   53.1334         0     125.7     5.371   110.812    125.32         0         0   
    6.002     24.74   52.9405         0     125.9     5.086   111.046   125.483         0         0   
    6.065     24.72   52.6193         0     126.9     4.891   111.279   125.551         0         0   
    6.127     24.84   52.3499         0     127.4     4.766   111.505   125.662         0         0   
     6.19     25.22    52.159         0       127     4.889    111.73   125.858         0         0   
    6.252     25.49   51.9765         0     127.5     4.936   111.948    126.03         0         0   
    6.315     25.55   51.8121         0     128.1     4.844   112.165   126.168         0         0   
    6.377     25.73   51.6287         0     128.6     4.853   112.375   126.316         0         0   
     6.44     25.95   51.4673         0     128.1     4.911   112.584   126.481         0         0   
    6.503     25.94   51.2892         0     127.3     4.831    112.79    126.59         0         0   
    6.565     25.83   51.1771         0       127     4.735   112.989     126.7         0         0   
    6.628     25.74   51.0992         0     126.6     4.931   113.188   126.827         0         0   
     6.69     25.58   50.9125         0     126.7      4.76    113.38   126.891         0         0   
    6.753      25.4   50.6367         0     126.8     4.815   113.572   126.916         0         0   
    6.815      25.5   50.5609         0     126.7     4.774   113.758   127.073         0         0   
    6.878     25.78   50.5332         0     126.8     4.638   113.943   127.284         0         0   
     6.94     26.17    50.441         0     126.8     4.775   114.123   127.488         0         0   
    7.003     26.53   50.2732         0     126.9     4.565   114.303   127.657         0         0   
    7.065     26.81   50.0646         0     126.5     4.618   114.476   127.789         0         0   
    7.128      27.1   49.7268         0       126     4.804    114.65   127.874         0         0   
     7.19     27.48   49.6677         0     126.3     4.816   114.819   128.083         0         0   
    7.253     27.86   49.6688         0     126.7     4.753   114.987   128.317         0         0   
    7.315     28.21   49.4032         0     126.2     4.775    115.15   128.437         0         0   
    7.378     28.52   49.3716         0     126.1     4.523   115.313   128.639         0         0   
     7.44     28.78   49.2601         0     126.4     4.326   115.471   128.796         0         0   
    7.503     28.93   48.9695         0     126.6     4.346   115.629   128.861         0         0   
    7.565     29.07    48.792         0     127.1     4.361   115.782   128.962         0         0   
    7.628     29.09   48.5021         0     127.7     4.569   115.936   128.995         0         0   
     7.69     29.09   48.2772         0     128.1     4.667   116.084   129.044         0         0   
    7.753     29.45   48.1266         0     127.9     4.857   116.233   129.203         0         0   
    7.816      29.8    47.815         0     128.3     4.623   116.379     129.3         0         0   
    7.878     29.85   47.5767         0     128.1     4.432   116.521   129.351         0         0   
    7.941     30.16   47.4191         0     127.4     4.429   116.664   129.494         0         0   
    8.003     30.45   47.1517         0     127.8     4.099   116.801   129.588         0         0   
    8.066     30.25   47.0416         0     128.3     3.842    116.94   129.626         0         0   
    8.128     30.01   46.8908         0     128.5     4.034   117.074   129.636         0         0   
    8.191     29.91   46.5484         0     128.7     4.137   117.208   129.611         0         0   
    8.253     29.83    46.304         0     129.1     4.092   117.338   129.623         0         0   
    8.316     30.01   46.0953         0     129.2     4.198   117.468   129.708         0         0   
    8.378     30.46   45.9554         0     129.2     4.378   117.595   129.878         0         0   
    8.441     30.74   45.9051         0     129.3     4.586   117.722   130.041         0         0   
    8.503     30.67   45.6601         0     129.4      4.73   117.845    130.05         0         0   
    8.566      30.6   45.2934         0     129.3     4.858   117.968   130.017         0         0   
    8.628     30.64   45.1904         0     129.2     4.982   118.088   130.099         0         0   
    8.691     30.74    45.032         0     128.9     5.176   118.208   130.177         0         0   
    8.753     30.99   44.9371         0     128.9     5.194   118.325   130.309         0         0   
    8.816     31.33   44.8468         0     128.3     5.104   118.441   130.465         0         0   
    8.878     31.65   44.5785         0     128.5     4.761   118.555   130.554         0         0   
    8.941     31.84   44.3304         0     128.4     4.699   118.669   130.619         0         0   
    9.003     31.79   44.2553         0     128.5     4.662   118.779   130.682         0         0   
    9.066     31.81   44.1204         0       128     4.809    118.89   130.742         0         0   
    9.129     31.83   44.0466         0     127.8     4.859       119   130.821         0         0   
    9.191     31.78   43.9538         0     127.5      4.51   119.106   130.874         0         0   
    9.254     31.77   43.7088         0       128     4.462   119.213   130.887         0         0   
    9.316     31.75   43.5765         0     128.2     4.679   119.316   130.932         0         0   
    9.379     31.81   43.4882         0     127.9     4.566    119.42   131.012         0         0   
    9.441     31.94   43.3852         0     127.7     4.504   119.521   131.102         0         0   
    9.504     32.15   43.2718         0     127.8     5.378   119.622   131.208         0         0   
    9.566     32.51   43.0669         0     127.7     4.901   119.721   131.319         0         0   
    9.629     32.88   42.7994         0     127.5     4.363    119.82   131.414         0         0   
    9.691     33.05   42.6697         0     127.6      4.31   119.916   131.502         0         0   
    9.754     33.09   42.5623         0     127.7       4.3   120.013   131.566         0         0   
    9.816     33.09   42.4635         0     127.6     4.438   120.106   131.619         0         0   
    9.879     33.48   42.3556         0     127.3     4.651   120.201   131.769         0         0   
    9.941     34.02   42.1135         0     127.4     4.704   120.292   131.913         0         0   
       10     34.27   41.9102         0     127.3     4.688   120.378   131.992         0         0   
    10.07     34.41   41.7972         0     127.3     4.423   120.479   132.085         0         0   
    10.13     34.35    41.705         0     127.2     4.441   120.565   132.118         0         0   
    10.19     34.23   41.6141         0     127.4     4.289   120.649   132.135         0         0   
    10.25     34.33   41.4855         0     127.7     4.188   120.733   132.197         0         0   
    10.32     34.69   41.2096         0       128     3.976   120.829   132.293         0         0   
    10.38     35.08   41.0577         0     128.1     3.966   120.911   132.423         0         0   
    10.44     35.34   40.9753         0     128.3     3.959   120.992    132.54         0         0   
     10.5     35.34   40.8916         0     128.2     3.995   121.072   132.587         0         0   
    10.57     35.48   40.7933         0     128.6     3.833   121.164   132.678         0         0   
    10.63     35.76   40.5936         0       129      3.64   121.242   132.764         0         0   
    10.69     35.93   40.3789         0     129.8     3.548   121.319   132.814         0         0   
    10.75     36.03   40.2681         0     130.1     3.622   121.395   132.878         0         0   
    10.82      36.1   40.1874         0     130.3     3.611   121.483   132.953         0         0   
    10.88      36.3   40.1046         0     130.4     3.543   121.558    133.05         0         0   
    10.94     36.55   40.0077         0     130.4     4.284   121.632   133.157         0         0   
       11     36.66    39.787         0     130.5     4.247   121.705   133.188         0         0   
    11.07      36.7   39.5904         0     130.8     3.351   121.789   133.217         0         0   
    11.13     36.74   39.5029         0     130.6      3.38    121.86   133.268         0         0   
    11.19     36.89   39.4451         0     130.6     3.313   121.931   133.357         0         0   
    11.25     37.14   39.3681         0     130.9     3.134   122.001   133.467         0         0   
    11.32     37.25   39.2111         0     131.1     3.106   122.082   133.526         0         0   
    11.38     37.34   39.0006         0     130.8      3.13    122.15   133.552         0         0   
    11.44     37.35   38.8641         0     130.7      3.19   122.218   133.577         0         0   
     11.5     37.32    38.785         0     130.5      3.18   122.285   133.607         0         0   
    11.57     37.31   38.7199         0     130.8     3.166   122.363   133.656         0         0   
    11.63     37.38   38.6408         0     130.9      3.89   122.428   133.713         0         0   
    11.69     37.53   38.4665         0     131.3     3.023   122.493   133.764         0         0   
    11.75     37.66   38.2831         0     131.5     2.965   122.558   133.807         0         0   
    11.82     37.71   38.1573         0     131.5     3.053   122.632   133.853         0         0   
    11.88     37.68   38.0886         0     131.7     3.169   122.695   133.883         0         0   
    11.94     37.57   38.0485         0       132      3.13   122.758   133.898         0         0   
       12     37.54   37.9509         0     131.8     3.131   122.819   133.918         0         0   
    12.07     37.45   37.7348         0     132.2     3.164   122.891   133.898         0         0   
    12.13     37.36   37.5824         0     133.1     3.324   122.951   133.885         0         0   
    12.19      37.4   37.4985         0     133.1     3.218   123.011   133.928         0         0   
    12.25     37.48   37.4312         0     133.3     3.178   123.071   133.986         0         0   
    12.32     37.44    37.383         0     132.9     3.189   123.139   134.024         0         0   
    12.38      37.5   37.2544         0     132.5      3.04   123.198   134.059         0         0   
    12.44     37.64   37.0749         0     132.9     3.948   123.255   134.101         0         0   
     12.5     37.71   36.9456         0     133.3     3.372   123.312   134.138         0         0   
    12.57     37.73    36.859         0     133.4      3.39   123.378    134.18         0         0   
    12.63     37.71   36.8363         0     133.1     3.353   123.434    134.22         0         0   
    12.69     37.62   36.7589         0     133.2     3.488    123.49   134.225         0         0   
    12.75     37.55   36.6048         0     133.1     3.537   123.545   134.214         0         0   
    12.82      37.4   36.4213         0     133.9     3.615   123.609    134.18         0         0   
    12.88     37.36   36.3254         0     133.3     6.303   123.662   134.193         0         0   
    12.94     37.46   36.2591         0     133.4     3.781   123.716   134.252         0         0   
    13.01     37.46   36.2316         0     133.9     3.714   123.778   134.302         0         0   
    13.07     37.29   36.1322         0     134.2     4.379    123.83   134.276         0         0   
    13.13     37.17   35.9643         0     134.9      4.65   123.882   134.245         0         0   
    13.19     37.17   35.8261         0       135     4.179   123.934   134.256         0         0   
    13.26     37.11   35.7347         0     134.1      4.45   123.993    134.27         0         0   
    13.32     37.05   35.6766         0     134.3      4.59   124.044   134.285         0         0   
    13.38     36.95   35.6594         0     134.3     4.576   124.094   134.299         0         0   
    13.44     36.89   35.5417         0     135.4     4.159   124.144   134.297         0         0   
    13.51     36.99   35.3629         0     136.5     4.006   124.201    134.33         0         0   
    13.57      37.1   35.2521         0     136.8     4.374    124.25   134.377         0         0   
    13.63     37.15   35.1839         0     137.4     3.889   124.298   134.417         0         0   
    13.69     37.29   35.1265         0     137.8     4.052   124.346   134.486         0         0   
    13.76     37.51   35.0915         0     138.5     4.291   124.402   134.589         0         0   
    13.82     37.59    34.944         0     139.4     4.718   124.449   134.616         0         0   
    13.88      37.5   34.8118         0     139.1     4.675   124.495     134.6         0         0   
    13.94     37.51   34.7193         0     139.9     5.065   124.542   134.622         0         0   
    14.01     37.61   34.6478         0     141.2     4.729   124.595   134.681         0         0   
    14.07      37.5   34.6477         0     142.4     4.556   124.641   134.692         0         0   
    14.13     37.29   34.5571         0     142.9       4.8   124.686   134.652         0         0   
    14.19     37.26   34.4094         0     143.9     4.446    124.73   134.648         0         0   
    14.26      37.3    34.269         0     141.4     4.846   124.782   134.671         0         0   
    14.32     37.27   34.1985         0     142.1     4.415   124.826   134.685         0         0   
    14.38     37.16   34.1441         0     141.6      4.61    124.87   134.682         0         0   
    14.44     37.11   34.1448         0     141.1     6.545   124.913   134.708         0         0   
    14.51     37.15   34.0119         0     139.8     4.895   124.963   134.732         0         0   
    14.57      37.2   33.8801         0     140.8     4.557   125.005   134.752         0         0   
    14.63     37.18    33.776         0     140.3      4.94   125.048   134.759         0         0   
    14.69     37.16   33.7119         0     139.7     4.891   125.089   134.777         0         0   
    14.76     37.13   33.6538         0     140.2     4.893   125.138   134.799         0         0   
    14.82     36.98   33.6419         0     139.7     4.545   125.179   134.793         0         0   
    14.88     36.88   33.5108         0     139.5     4.288    125.22    134.77         0         0   
    14.94     36.88   33.3938         0     138.5     4.278    125.26   134.779         0         0   
    15.01     37.01   33.2947         0     137.3     4.754   125.307   134.834         0         0   
    15.07      37.2   33.2385         0     138.3     4.406   125.347   134.909         0         0   
    15.13     37.35     33.19         0       141     3.761   125.386   134.975         0         0   
    15.19     37.39   33.1693         0     141.6     3.656   125.426   135.018         0         0   
    15.26     37.35   33.0196         0     140.7     3.531   125.471   135.012         0         0   
    15.32     37.32   32.9113         0     139.5     3.432   125.509   135.013         0         0   
    15.38      37.3   32.8448         0     140.6     3.371   125.548   135.027         0         0   
    15.44     37.26   32.7932         0     139.5     3.475   125.586   135.039         0         0   
    15.51     37.24   32.7947         0     138.7     3.367    125.63   135.074         0         0   
    15.57     37.18   32.6866         0     139.5     3.159   125.667   135.066         0         0   
    15.63     37.06   32.5696         0     141.1      3.13   125.704    135.04         0         0   
    15.69     36.92   32.4714         0       140     3.084   125.741   135.012         0         0   
    15.76     36.73   32.4042         0     140.1     3.011   125.783   134.984         0         0   
    15.82     36.58   32.3589         0     140.9     2.845    125.82   134.966         0         0   
    15.88     36.45   32.3599         0     140.9     2.843   125.856   134.964         0         0   
    15.94     36.39   32.2426         0     140.5     3.088   125.891   134.953         0         0   
    16.01     36.26   32.1212         0     139.6     2.813   125.933   134.928         0         0   
    16.07     36.16    32.044         0     138.2     3.083   125.968   134.916         0         0   
    16.13     36.14   31.9916         0     136.5     4.838   126.003    134.93         0         0   
    16.19     36.24   31.9493         0     135.9     4.495   126.037    134.98         0         0   
    16.26     36.27   31.9216         0     135.3     4.074   126.077   135.018         0         0   
    16.32     36.23   31.8063         0     136.1     5.706   126.111   135.012         0         0   
    16.38     36.15   31.7082         0     136.3     4.518   126.145   134.999         0         0   
    16.44     36.02   31.6439         0     135.7     4.072   126.179   134.981         0         0   
    16.51     35.79   31.5895         0     135.5     3.552   126.218   134.943         0         0   
    16.57      35.6   31.5482         0     135.5     3.318   126.251   134.915         0         0   
    16.63     35.44   31.5103         0     135.1      3.64   126.284   134.894         0         0   
    16.69     35.34   31.4055         0     134.9     2.521   126.316   134.874         0         0   
    16.76      35.2   31.3031         0     134.3      2.02   126.354   134.849         0         0   
    16.82     35.05   31.2523         0     134.4     1.982   126.386   134.828         0         0   
    16.88     34.93   31.2093         0     135.4     1.907   126.418   134.817         0         0   
    16.94     34.87   31.2206         0     134.5     1.987    126.45   134.834         0         0   
    17.01     34.91   31.0967         0     133.7      2.03   126.487    134.85         0         0   
    17.07        35   31.0059         0     133.2     2.648   126.518   134.882         0         0   
    17.13     35.08   30.9322         0     133.2     2.348   126.549   134.915         0         0   
    17.19     35.09   30.8834         0       134     2.946    126.58   134.935         0         0   
    17.26        35   30.8386         0     134.3     4.443   126.615   134.935         0         0   
    17.32     34.97    30.828         0     135.5     5.942   126.646   134.953         0         0   
    17.38     34.93   30.7247         0     135.3     5.264   126.676   134.948         0         0   
    17.44     34.89   30.6378         0     134.2     4.969   126.706   134.946         0         0   
    17.51     34.82   30.5678         0     134.6     4.842    126.74   134.944         0         0   
    17.57     34.74   30.5244         0     135.9     3.963    126.77   134.942         0         0   
    17.63     34.62   30.4889         0     137.3     4.521   126.799    134.93         0         0   
    17.69     34.59   30.4632         0     137.5     5.241   126.828   134.944         0         0   
    17.76     34.54   30.3558         0     138.6     5.564   126.862   134.939         0         0   
    17.82     34.53   30.2754         0     137.1     5.836   126.891   134.945         0         0   
    17.88     34.48   30.2283         0     136.9     5.429   126.919   134.949         0         0   
    17.94     34.49   30.1895         0     137.2      5.07   126.948   134.969         0         0   
    18.01     34.48   30.1492         0     138.5     4.721   126.981   134.989         0         0   
