!# Results of ROTMAS saved at 16-Oct-2007 (20:00:57)
!# User velocity         : Vu=SQRT(4*{PI}*4.321*RHO*RC*RC*(1-(RC/R)*ATAN(R/RC)))
!# Total velocity        : Vt=SQRT(MG*VG*ABS(VG)+MD*VD*ABS(VD)+MB*VB*ABS(VB)+VU**2)
!# Chi-square            : 356.322
!# Red. Chi-square (N=97,n=2) : 3.750753
!# Parameter name  :           RC         RHO          MB          MD          MG
!# Parameter value :     0.712810  1259.939941     1.000000     1.000000     1.000000 
!# Parameter error :     0.140863   474.922333     0.000000     0.000000     0.000000 
!#
!# Radius |  vgas   |  vdisk  |  vbulge |  vobs   | err vobs|   Vu    |   Vt    |   Rxv   |   Vxy   |
!# kpc       km/s      km/s       km/s     km/s     km/s       km/s      km/s       kpc       km/s   
!#===================================================================================================
   0.3024    -2.373   18.2623   102.462     20.16     22.95   43.4236   112.747         0         0   
   0.6049     -3.62   33.5567   138.725     25.96     25.51   77.0482   162.154         0         0   
   0.9073    -4.127   46.1485   110.156     28.24     22.43   100.246   155.873         0         0   
     1.21    -5.296   56.2927   94.2163     38.21     22.83   116.174   159.731         0         0   
    1.512    -6.943    64.882   83.1272     66.07     19.52   127.431   165.258         0         0   
    1.815    -7.838   71.1529   75.1598     98.94     13.92   135.741   170.517         0         0   
    2.117    -7.347   74.3327   69.7102     129.7     9.274   142.047   174.666         0         0   
    2.419    -5.292   78.0527   65.7658     149.9     6.805   146.991   178.874         0         0   
    2.722    -1.978   84.5124   61.4205     167.4     8.968   150.976   183.588         0         0   
    3.024    -2.043   90.3317   57.9532       181     11.64    154.23   187.886         0         0   
    3.327    -4.506   94.2541    54.543     191.5     10.79   156.953   190.978         0         0   
    3.629    -4.679     96.81   52.6914     200.3     10.11   159.249   193.615         0         0   
    3.932     5.331   100.969   50.9203     206.7     9.159   161.222   196.999         0         0   
    4.234     10.29   104.175    49.296     211.1     8.196   162.925   199.832         0         0   
    4.536      13.1    104.77   46.4151     213.5     7.037   164.414   200.835         0         0   
    4.839     14.54   104.887   45.2586     214.1     5.791   165.731   201.811         0         0   
    5.141     15.62   104.303   44.1649     213.5     5.235   166.896   202.306         0         0   
    5.444     17.96   103.481   43.1038     213.2     4.973   167.941   202.714         0         0   
    5.746     21.41   102.505   41.1088     214.2      4.63   168.877   202.917         0         0   
    6.049     24.57   101.211      40.3     215.5     4.233   169.727   203.171         0         0   
    6.351      26.5   99.8906   39.5292     215.3     3.944   170.495   203.253         0         0   
    6.653     27.59   97.7793   38.7881       214     4.039   171.197   202.817         0         0   
    6.956     28.18   95.7105   37.2935     212.5     4.023   171.841   202.175         0         0   
    7.258     28.25   93.6057    36.691       211     4.042   172.432   201.591         0         0   
    7.561     28.07   91.9457   36.1048     207.7     4.575   172.978   201.164         0         0   
    7.863     27.54    90.376   35.5419     204.8     5.171   173.482   200.712         0         0   
    8.166     26.51   88.7579   34.3783     200.8     5.637   173.951   200.054         0         0   
    8.468      25.1   87.2915   33.9043       199     5.345   174.386   199.524         0         0   
     8.77     23.73   85.8359   33.4447     200.7     4.837   174.792   199.001         0         0   
    9.073     22.36   84.6791   32.9953     200.4     4.974   175.172   198.606         0         0   
    9.375     20.96   83.5136   32.0593     200.6      4.97   175.528    198.12         0         0   
    9.678     19.19   82.8591   31.6709     201.9      5.18   175.862     197.9         0         0   
     9.98     18.54   82.1175   31.2957       204     8.209   176.176   197.749         0         0   
    10.28     21.54   80.6337   30.9355     206.9     4.214    176.47   197.647         0         0   
    10.58     22.71   79.0032   30.5839     206.1     3.779   176.748   197.313         0         0   
    10.89     22.82   77.5684   29.8235     205.1     4.035   177.019   196.882         0         0   
    11.19        23   76.4794   29.5146       204     4.352   177.267   196.654         0         0   
    11.49     23.46   75.2702   29.2126     203.3     4.633   177.503   196.409         0         0   
    11.79     24.05   74.2155   28.9172       203     4.881   177.726   196.238         0         0   
     12.1     24.66   73.1144   28.2705     202.3      5.23   177.946   196.005         0         0   
     12.4     25.57   72.2029    28.007     201.6     5.488   178.148   195.929         0         0   
     12.7     26.48   71.3113    27.749     200.9     5.599   178.341   195.863         0         0   
       13     27.26   70.4644   27.4961     200.3     5.866   178.526   195.795         0         0   
    13.31     28.15   69.5751   26.9376       200     5.991   178.707   195.691         0         0   
    13.61     29.41   68.6827   26.7095     199.9     6.164   178.876   195.684         0         0   
    13.91     31.12   67.8801   26.4856     199.8     6.433   179.037   195.785         0         0   
    14.21     33.13     67.04    26.266     199.8     6.782   179.191   195.937         0         0   
    14.52     34.93   66.2605   25.7773     199.8      6.79   179.344   196.059         0         0   
    14.82     36.09   65.5296   25.5772     199.8     6.622   179.485   196.127         0         0   
    15.12     37.01   64.8876   25.3805     199.7     6.316   179.622   196.184         0         0   
    15.42     37.73   64.2998   25.1873     199.8     6.081   179.753   196.223         0         0   
    15.73     38.08   63.6224   24.7551     199.5     6.031   179.883   196.134         0         0   
    16.03     38.63   63.0948   24.5777       199     5.987   180.004    196.16         0         0   
    16.33     39.03   62.5447   24.4032     198.5     5.983   180.121   196.149         0         0   
    16.63     38.92   61.9834   24.2316     197.2      5.93   180.234   196.031         0         0   
    16.94      38.5   61.3739   23.8457     195.6     5.538   180.347   195.812         0         0   
    17.24     38.11   60.7902   23.6871     194.2     5.178   180.451   195.631         0         0   
    17.54     37.98   60.2721   23.5309     192.9      4.92   180.553    195.52         0         0   
    17.84     37.99   59.7332    23.377     191.9      4.62   180.651   195.429         0         0   
    18.15     38.12   59.2509   23.0298     191.2     4.715   180.749   195.357         0         0   
    18.45     38.42   58.7439   22.8868     190.3     4.821    180.84    195.33         0         0   
    18.75     38.83   58.3017   22.7459     190.2     5.156   180.929   195.345         0         0   
    19.05     39.19   57.8287   22.6069     190.1     5.401   181.015    195.34         0         0   
    19.36     39.43   57.3637   22.2923     188.7     5.744   181.101   195.294         0         0   
    19.66     39.98   56.9451   22.1625     187.9     8.148   181.182   195.344         0         0   
    19.96     40.73   56.5051   22.0345     188.3     6.306    181.26   195.429         0         0   
    20.26     41.11   56.1173   21.9082     188.4     6.681   181.336   195.453         0         0   
    20.57      41.3    55.681   21.7744     188.7     6.996   181.413   195.424         0         0   
    20.87     41.52    55.315   21.5031     189.4     7.004   181.484   195.404         0         0   
    21.17     41.59   54.9116   21.3903     190.2     6.854   181.554   195.357         0         0   
    21.47     41.62   54.5263   21.2402     190.3     6.748   181.622   195.302         0         0   
    21.77     41.73   54.1726   21.0933     190.1     6.716   181.688   195.273         0         0   
    22.08     41.87   53.7836   20.9446     189.9     6.517   181.754   195.241         0         0   
    22.38     42.01   53.4538   20.8037     189.8     5.839   181.816   195.223         0         0   
    22.68     42.01   53.0883   20.6655     189.9     5.042   181.877   195.165         0         0   
    22.98      41.9   52.7732   20.5302     189.7     5.078   181.936   195.097         0         0   
    23.29     41.69   52.4125    20.393     189.8     5.028   181.995   194.996         0         0   
    23.59     41.43   52.0793   20.2629     189.5     5.292   182.052    194.89         0         0   
    23.89     41.18   51.7731   20.1352     189.1     5.703   182.106   194.793         0         0   
    24.19     40.89   51.4468   20.0099     187.3      8.65    182.16   194.683         0         0   
     24.5     40.65   51.1497   19.8829     187.2     5.933   182.213   194.591         0         0   
     24.8     40.57   50.8373   19.7621     187.1     6.004   182.264   194.528         0         0   
     25.1     40.46   50.5577   19.6436     186.8     8.107   182.314   194.467         0         0   
     25.4     40.21    50.261   19.5272       186     8.472   182.362   194.372         0         0   
    25.71     39.99   49.9532   19.4091     184.6      5.72   182.411   194.281         0         0   
    26.01     39.93   49.6968   19.2969       185     5.514   182.457   194.235         0         0   
    26.31     39.84   49.4091   19.1865       185      5.88   182.502   194.174         0         0   
    26.61     39.59   49.1702   19.0779     185.1     5.367   182.547   194.093         0         0   
    26.92     39.25   48.8793   18.9678       186     5.071   182.591   193.982         0         0   
    27.22     39.09   48.6214   18.8629       187     4.519   182.633   193.914         0         0   
    27.52     38.91   48.3862   18.7597     187.1     4.201   182.674   193.848         0         0   
    27.82     38.61   48.1397   18.6583     187.9     4.888   182.715   193.755         0         0   
    28.13      38.3    47.932   18.5552     185.4     5.578   182.756   193.671         0         0   
    28.43     38.07   47.7125    18.457     186.6     5.446   182.794   193.598         0         0   
    28.73     37.77   47.5409   18.3603     188.6     5.325   182.832   193.524         0         0   
    29.03     37.47   47.3707   18.2652     185.8     6.396   182.869    193.45         0         0   
    29.34     37.29   47.2662   18.1685     179.6     6.018   182.907   193.416         0         0   
