!# Results of ROTMAS saved at 12-Oct-2007 (17:42:33)
!# User velocity         : Vu=SQRT(4*{PI}*4.321*RHO*RC*RC*(1-(RC/R)*ATAN(R/RC)))
!# Total velocity        : Vt=SQRT(MG*VG*ABS(VG)+MD*VD*ABS(VD)+VU**2)
!# Chi-square            : 104.142
!# Red. Chi-square (N=94,n=2) : 1.131980
!# Parameter name  :           RC         RHO          MD          MG
!# Parameter value :     4.842290    15.070900     1.000000     1.000000 
!# Parameter error :     0.293843     1.502693     0.000000     0.000000 
!#
!# Radius |  vgas   |  vdisk  |  vbulge |  vobs   | err vobs|   Vu    |   Vt    |   Rxv   |   Vxy   |
!# kpc       km/s      km/s       km/s     km/s     km/s       km/s      km/s       kpc       km/s   
!#===================================================================================================
   0.4019      1.03   43.2446         0     23.77     5.576   6.62413   43.7611         0         0   
   0.8039    -1.568    69.196         0      42.3     6.204   13.1691   70.4205         0         0   
    1.206     -3.98   80.3144         0     56.24     6.558   19.5601   82.5661         0         0   
    1.608    -5.708   85.2999         0     67.49     6.965   25.7301    88.913         0         0   
     2.01    -7.393   84.4578         0     76.42     7.424   31.6307    89.883         0         0   
    2.412    -9.243     84.83         0     84.69      5.94   37.2271   92.1768         0         0   
    2.814    -10.85   85.4078         0     91.77     5.494    42.499   94.7783         0         0   
    3.216     -11.5   87.3389         0     99.19     4.859   47.4383    98.723         0         0   
    3.617    -10.98   90.3809         0     106.3     4.307   52.0361   103.711         0         0   
    4.019    -10.05   93.6938         0     113.5     4.031   56.3246   108.858         0         0   
    4.421    -9.169   97.6424         0     121.5     4.653   60.3067   114.398         0         0   
    4.823    -7.911   103.526         0     128.6     5.635        64   121.454         0         0   
    5.225    -5.975   112.448         0     133.9     6.663   67.4239   130.976         0         0   
    5.627    -1.655   119.145         0     138.2     7.271   70.5983   138.481         0         0   
    6.029     5.834   122.389         0     140.4     7.032   73.5427   142.904         0         0   
    6.431     8.627   124.339         0     142.4     5.534    76.276   146.125         0         0   
    6.833     10.96   126.141         0     142.8     3.916   78.8159   149.143         0         0   
    7.235      13.1   126.287         0     142.9     4.516   81.1791   150.699         0         0   
    7.637     15.21    125.49         0     143.2     6.099   83.3806   151.431         0         0   
    8.039     17.31    124.58         0     144.5      6.82   85.4345   152.049         0         0   
    8.441        19   123.829         0       146     6.666   87.3535   152.726         0         0   
    8.843     20.81    122.17         0     147.1     6.148    89.149   152.663         0         0   
    9.245     22.47   120.884         0     148.4     5.116   90.8316   152.867         0         0   
    9.647     23.63   119.695         0     149.9     3.861   92.4107   153.052         0         0   
    10.05     24.99   119.066         0     151.1     3.192   93.8984   153.682         0         0   
    10.45     26.36   118.055         0       152     3.271   95.2882   153.986         0         0   
    10.85     27.22   117.346         0     152.6     3.623   96.5986    154.41         0         0   
    11.25     27.75   116.121         0     153.4     3.846   97.8357   154.357         0         0   
    11.66     28.72   114.731         0     154.5     3.963   99.0336   154.259         0         0   
    12.06     30.19   113.405         0     155.7     3.685   100.139   154.272         0         0   
    12.46      32.1   111.909         0     156.9     3.314   101.187   154.249         0         0   
    12.86     34.06   110.461         0     157.8      3.22   102.181   154.281         0         0   
    13.26     35.71   108.865         0     158.5     3.254   103.125   154.148         0         0   
    13.67     36.67    107.18         0     158.7     3.245   104.046   153.811         0         0   
    14.07      37.2   105.833         0       158     3.218     104.9   153.585         0         0   
    14.47     37.54   104.492         0     156.6     3.391   105.714   153.308         0         0   
    14.87      37.8    103.09         0     155.2     3.873   106.491    152.96         0         0   
    15.27     38.02   101.767         0       153     4.865   107.232   152.646         0         0   
    15.68     38.09    100.37         0     151.1     5.308   107.959    152.25         0         0   
    16.08     37.81   99.0874         0       150     5.178   108.636   151.822         0         0   
    16.48     37.35   97.7796         0     150.1     5.031   109.285   151.325         0         0   
    16.88     37.22   96.5349         0     150.2     4.808   109.907   150.943         0         0   
    17.28     37.58   95.2858         0     150.3     4.512   110.504   150.674         0         0   
    17.69     38.05   93.9961         0     150.3     4.325   111.091   150.413         0         0   
    18.09     38.55   92.8785         0     150.5     4.283    111.64   150.253         0         0   
    18.49     39.15   91.6745         0     150.7     4.187   112.169   150.063         0         0   
    18.89     39.77   90.6011         0     151.3     4.309   112.677   149.955         0         0   
    19.29      40.6   89.4624         0       152     4.302   113.167   149.862         0         0   
     19.7     41.76   88.4003         0     152.8     4.196    113.65   149.916         0         0   
     20.1     42.84   87.3396         0       153     4.191   114.104   149.944         0         0   
     20.5      43.7   86.3494         0     153.1     4.314   114.543   149.953         0         0   
     20.9     44.38   85.3513         0     152.9     4.145   114.966   149.905         0         0   
     21.3     44.82   84.4074         0     151.6     3.687   115.374   149.815         0         0   
     21.7     44.82   83.4711         0     150.9      3.23   115.769   149.595         0         0   
    22.11     44.58   82.5532         0     150.7     3.021    116.16   149.317         0         0   
    22.51     44.29   81.6788         0     150.3     3.301   116.529   149.037         0         0   
    22.91     43.94   80.8274         0     149.8     3.622   116.886   148.749         0         0   
    23.31      43.5   80.0044         0     149.5     3.622   117.232   148.446         0         0   
    23.71     43.37   79.1969         0     149.7     3.438   117.567    148.24         0         0   
    24.12     43.75   78.3866         0       150     3.325     117.9   148.186         0         0   
    24.52     44.61    77.598         0     150.1     3.189   118.215   148.278         0         0   
    24.92     45.96   76.8737         0     149.9     3.226    118.52   148.556         0         0   
    25.32     47.34   76.1323         0     149.5     3.286   118.817   148.844         0         0   
    25.72     48.33   75.4395         0     149.1     3.473   119.105    149.04         0         0   
    26.13     49.19   74.7283         0     148.6     3.666   119.391   149.192         0         0   
    26.53     49.93   74.0655         0     148.2     3.855   119.663   149.325         0         0   
    26.93     50.46   73.4174         0     148.3     3.964   119.927   149.395         0         0   
    27.33     50.86   72.7816         0     148.2     3.947   120.184   149.426         0         0   
    27.73     51.14   72.1711         0     147.9     4.233   120.433   149.426         0         0   
    28.14      51.3   71.5512         0     146.8      4.21   120.683   149.384         0         0   
    28.54     51.41   70.9715         0     146.5     4.496   120.919   149.337         0         0   
    28.94     51.44   70.3981         0     146.1     4.574    121.15   149.262         0         0   
    29.34     51.32   69.8405         0     145.5     4.833   121.374   149.142         0         0   
    29.74     50.99   69.3021         0     145.4     4.866   121.593   148.955         0         0   
    30.15      50.8   68.7535         0     145.2     4.686   121.812   148.815         0         0   
    30.55     50.75   68.2287         0     145.2     4.502    122.02   148.727         0         0   
    30.95     50.69   67.7319         0     145.2     4.604   122.223   148.646         0         0   
    31.35     50.54   67.2391         0     145.1     4.507   122.421   148.534         0         0   
    31.75     50.48   66.7578         0     145.8     4.427   122.614   148.456         0         0   
    32.16     50.59   66.2814         0     146.6     4.296   122.808    148.44         0         0   
    32.56     50.71   65.8169         0     146.8     4.231   122.992   148.426         0         0   
    32.96     50.72   65.3777         0       147      4.52   123.172   148.385         0         0   
    33.36     50.63   64.9308         0     146.8     4.675   123.348   148.304         0         0   
    33.76     50.63   64.5067         0     147.1     4.806    123.52   148.262         0         0   
    34.17     50.83   64.0726         0       148     5.279   123.692   148.286         0         0   
    34.57     51.15   63.6612         0     148.7     5.226   123.856   148.356         0         0   
    34.97     51.54     63.26         0       149     4.756   124.017   148.453         0         0   
    35.37     51.99   62.8624         0     149.1     4.419   124.174   148.573         0         0   
    35.77     52.37   62.4815         0     147.9     4.317   124.328   148.674         0         0   
    36.17     52.53   62.0958         0     147.5     4.079   124.479   148.695         0         0   
    36.58     52.71   61.7174         0     147.5      3.62    124.63   148.728         0         0   
    36.98     52.85   61.3503         0     147.7     3.634   124.774   148.747         0         0   
    37.38     53.02    61.001         0     148.9     3.511   124.916   148.782         0         0   
    37.78     53.12   60.6456         0     149.7     3.424   125.054   148.789         0         0   
