!# Results of ROTMAS saved at 15-Oct-2007 (08:02:28)
!# User velocity         : Vu=SQRT(4*{PI}*4.321*RHO*RC*RC*(1-(RC/R)*ATAN(R/RC)))
!# Total velocity        : Vt=SQRT(MG*VG*ABS(VG)+MD*VD*ABS(VD)+MB*VB*ABS(VB)+VU**2)
!# Chi-square            : 26.2499
!# Red. Chi-square (N=105,n=4) : 0.259900
!# Parameter name  :           RC         RHO          MB          MD          MG
!# Parameter value :     3.875470    57.981800     0.883542     0.331046     1.000000 
!# Parameter error :     0.981094    27.784328     0.078803     0.039557     0.000000 
!#
!# Radius |  vgas   |  vdisk  |  vbulge |  vobs   | err vobs|   Vu    |   Vt    |   Rxv   |   Vxy   |
!# kpc       km/s      km/s       km/s     km/s     km/s       km/s      km/s       kpc       km/s   
!#===================================================================================================
    3.001    -12.85   164.201   162.286     253.2      7.47   83.9637   245.323         0         0   
    3.216     -12.6   171.552   155.766     247.9     11.38   88.4082    247.69         0         0   
     3.43    -12.26   178.564   150.496     251.5     19.33   92.6186   250.922         0         0   
    3.644    -12.75    184.89   145.217     242.7     13.94   96.6241   253.862         0         0   
    3.859    -13.21   190.097   141.081     254.9      4.77   100.451    256.82         0         0   
    4.073    -14.08    194.31   136.702     254.7     6.105   104.072   258.991         0         0   
    4.287    -12.74   197.516   133.167     253.1     10.99   107.515   261.042         0         0   
    4.502    -12.21    199.77   129.619     260.5     7.047   110.804   262.369         0         0   
    4.716    -11.38   201.169    126.52     263.4     9.199   113.918   263.294         0         0   
     4.93    -8.553    201.92   123.602     262.2      12.1   116.881   263.889         0         0   
    5.145    -4.056   202.441   120.843     266.7     10.38   119.714   264.387         0         0   
    5.359    -1.122   202.485   118.373     267.4     11.73     122.4   264.561         0         0   
    5.574    -5.985     201.8   115.908     267.4      13.5    124.97   264.082         0         0   
    5.788    -8.126   200.874   113.809     268.1     13.27   127.409   263.571         0         0   
    6.002    -8.397   199.553   111.571     265.7     13.41   129.736   262.736         0         0   
    6.217     -5.67   198.161    109.64     261.4     12.31   131.967   262.053         0         0   
    6.431    -5.352   196.522   107.693     260.8     11.89   134.089   261.094         0         0   
    6.645     3.806    194.92   105.932     257.5     9.699   136.116   260.302         0         0   
     6.86     6.812    193.55   104.206     258.7     8.035   138.064    259.67         0         0   
    7.074     6.615   192.046   102.579       258     5.408   139.919   258.892         0         0   
    7.289     3.505    190.76   101.129     257.8      5.18   141.704    258.28         0         0   
    7.503     5.449   189.393    99.539     259.6     5.583   143.407   257.629         0         0   
    7.717     7.855   188.026   98.1929     259.6     7.152   145.039   257.087         0         0   
    7.932     8.635   186.702   96.7642     260.6     8.473   146.613   256.497         0         0   
    8.146     9.936   185.335   95.5056     262.8     11.09   148.117   255.945         0         0   
     8.36      13.5   183.788   94.2206     263.4     12.88   149.562   255.356         0         0   
    8.575     16.59   182.073   93.0359     264.8     14.64   150.958   254.695         0         0   
    8.789     18.38   180.487   91.9618     263.8     15.44   152.294   254.094         0         0   
    9.003     18.83   178.718   90.7566     263.4     15.76    153.58   253.216         0         0   
    9.218     18.32   176.913    89.739     259.6     13.86   154.824   252.304         0         0   
    9.432      17.8   175.312   88.6398     256.6     14.45   156.017   251.495         0         0   
    9.647     18.81   173.811    87.677     251.5     13.04   157.174   250.908         0         0   
    9.861     19.93   172.239   86.7931     249.5     13.04   158.284     250.3         0         0   
    10.08     20.42   170.759   85.7426     248.3     13.14    159.38   249.658         0         0   
    10.29     21.84   169.518   84.9182       248     13.92   160.395   249.301         0         0   
     10.5     24.44   168.219   83.9799     248.6     15.03   161.376   248.978         0         0   
    10.72     27.51   166.897   83.1581     246.3     13.46    162.37   248.778         0         0   
    10.93     28.02   165.746   82.2901     248.8     15.19   163.287   248.377         0         0   
    11.15     28.85   164.588    81.507     248.8     14.55   164.217   248.057         0         0   
    11.36     30.56   163.419   80.8093     249.7     14.31   165.076   247.831         0         0   
    11.58     32.23   162.195   79.9559     250.2     14.79   165.948   247.543         0         0   
    11.79     33.17   161.112   79.2895     249.7     13.01   166.754   247.288         0         0   
       12     34.18   159.975   78.5234       251     11.38   167.537   246.971         0         0   
    12.22     35.26   158.826   77.8525     249.2     11.28   168.331   246.709         0         0   
    12.43     35.98   157.845   77.1359     250.3     10.97   169.067   246.461         0         0   
    12.65     35.82   156.748   76.4933       250     10.75   169.815   246.051         0         0   
    12.86     35.11   155.571    75.916       251     9.954   170.509   245.503         0         0   
    13.08     34.76   154.355   75.2068     250.1     10.23   171.214   244.957         0         0   
    13.29     34.06    153.26   74.6536       248     11.56   171.869    244.46         0         0   
    13.51     33.83   152.117   73.9867     246.5     11.68   172.536   243.981         0         0   
    13.72     33.86   151.054   73.4512     245.6     11.06   173.154   243.601         0         0   
    13.93     34.27   150.078   72.8471     244.8     10.32   173.756   243.302         0         0   
    14.15      35.2   149.199   72.3067     243.5      9.46    174.37   243.172         0         0   
    14.36     35.99   148.361   71.8188     243.1     8.674   174.941    243.04         0         0   
    14.58     37.68   147.496   71.2173     243.6     8.475   175.523   243.012         0         0   
    14.79     38.89   146.676   70.7481     243.1     7.548   176.064   242.961         0         0   
    15.01     39.05   145.908   70.1782     241.4     7.192   176.616    242.76         0         0   
    15.22     39.68   145.128   69.7227     240.4     7.384    177.13   242.638         0         0   
    15.43     39.94   144.434   69.2876     239.3     6.595   177.632   242.508         0         0   
    15.65     41.45   143.893   68.7417     238.8     12.44   178.144    242.66         0         0   
    15.86     43.06   143.303   68.3222     239.2     6.425   178.621   242.823         0         0   
    16.08     44.09   142.649   67.8035     239.6     6.707   179.109   242.837         0         0   
    16.29     44.86   142.066   67.3993       240     7.201   179.563   242.859         0         0   
    16.51     46.11   141.588   66.9047     240.5      7.69   180.028   243.022         0         0   
    16.72     47.68   141.096   66.5112     241.1     7.845   180.461   243.252         0         0   
    16.94     48.74   140.607    66.115     242.1     7.967   180.904     243.4         0         0   
    17.15     49.42   140.081   65.6581     242.5      8.44   181.318   243.418         0         0   
    17.36     50.16   139.659   65.2923     243.1     8.508   181.723    243.53         0         0   
    17.58     50.89   139.141   64.8391     243.5     8.693   182.137   243.573         0         0   
    17.79     51.51   138.578   64.4858       244     9.866   182.524   243.578         0         0   
    18.01     52.69   137.953   64.0515     242.3     9.043    182.92   243.659         0         0   
    18.22     53.61   137.484   63.7069     242.3     9.646    183.29   243.782         0         0   
    18.44     54.29   136.923    63.358     242.4     9.888   183.669   243.811         0         0   
    18.65     55.25   136.286    62.956     241.9     9.333   184.024   243.833         0         0   
    18.86     56.43   135.748   62.6335     242.8     8.928   184.371   243.983         0         0   
    19.08     57.18   135.195   62.2329     242.3     8.317   184.727   244.017         0         0   
    19.29     57.94   134.683   61.9208     240.8     8.601    185.06   244.086         0         0   
    19.51      58.6    134.13   61.5353     240.2     9.203   185.401     244.1         0         0   
    19.72     59.38   133.709   61.2302     239.7     8.832   185.721   244.224         0         0   
    19.94     60.12   133.331     60.92     239.7     8.831   186.049    244.37         0         0   
    20.15     61.19   132.975   60.5628       239     9.069   186.356   244.587         0         0   
    20.37     62.53   132.635    60.262     238.5     8.721   186.671   244.907         0         0   
    20.58     63.98   132.431   59.9181     239.2     7.779   186.966   245.312         0         0   
    20.79     65.15   132.169   59.6398     238.6     8.341   187.256   245.631         0         0   
    21.01     65.36   131.721   59.2947     238.3     7.595   187.553    245.59         0         0   
    21.22     65.42   131.272   59.0222     238.9      7.42   187.832   245.513         0         0   
    21.44     66.27    130.82   58.7437     238.5     8.039   188.118   245.652         0         0   
    21.65        66   130.264   58.4236     240.5     7.741   188.387   245.413         0         0   
    21.87     65.41   129.591   58.1535     242.2     4.737   188.663   245.046         0         0   
    22.08     64.47   128.972   57.8442     242.5     5.532   188.921   244.596         0         0   
    22.29     63.09   128.385    57.594     243.4     6.043   189.175   244.064         0         0   
    22.51     61.67   127.747   57.3358       245     5.868   189.437   243.508         0         0   
    22.72     61.15    127.25   57.0371     245.1     6.338   189.682   243.237         0         0   
    22.94     60.55   126.854   56.7856     243.9     5.761   189.934   243.018         0         0   
    23.15     60.12   126.477   56.4965     245.3     8.139    190.17   242.832         0         0   
    23.37     59.69    126.06   56.2522     246.7     7.523   190.414   242.643         0         0   
    23.58     59.38   125.711   55.9719     246.2     8.734   190.642   242.501         0         0   
    23.79     59.12   125.155   55.7454     247.3     8.251   190.867   242.274         0         0   
    24.01     58.44   124.637   55.5107     245.9     8.837   191.098    241.97         0         0   
    24.22     57.94   124.194   55.2401     247.9      8.39   191.315   241.732         0         0   
    24.44     57.76   123.828   55.0113     250.2     9.062   191.539   241.626         0         0   
    24.65     57.68   123.597   54.7484     250.8     8.984   191.749   241.595         0         0   
    24.87     57.52   123.487    54.526       253     7.802   191.966   241.623         0         0   
    25.08     57.44   123.444   54.2706     253.6     8.535   192.169   241.685         0         0   
     25.3     57.25   123.276   54.0543     255.1     8.489   192.378   241.673         0         0   
